# DNRN, Denitrification, Anammox, Nitrite Oxidation, CaCO3 Dissolution 
9.526627270218933630e-01,0.000000000000000000e+00,2.301032258350019580e-02,2.432695039460633368e-02,0.000000000000000000e+00
8.414255976618865152e-01,1.361174470892470012e-01,2.133268937735890037e-03,2.032368631113059751e-02,0.000000000000000000e+00
9.575952976835260255e-01,0.000000000000000000e+00,1.561062574717623705e-02,2.679407656929781723e-02,0.000000000000000000e+00
9.458747833891281154e-01,0.000000000000000000e+00,2.710854963332292450e-02,2.701666697754909544e-02,0.000000000000000000e+00
9.491038389880812609e-01,0.000000000000000000e+00,2.962926080791679351e-02,2.126690020400190742e-02,0.000000000000000000e+00
9.581748370607211518e-01,3.242865980033415255e-03,1.162788199564988682e-02,2.695441496359560554e-02,0.000000000000000000e+00
9.565407322667744960e-01,0.000000000000000000e+00,1.429291912817622252e-02,2.916634860504945317e-02,0.000000000000000000e+00
9.495910005608662052e-01,0.000000000000000000e+00,2.393634934590458188e-02,2.647265009322930310e-02,0.000000000000000000e+00
9.260112421975525976e-01,3.495560386448154366e-02,1.307893928474042691e-02,2.595421465322546653e-02,0.000000000000000000e+00
9.610258005246382629e-01,0.000000000000000000e+00,1.094530678534690916e-02,2.802889269001473949e-02,0.000000000000000000e+00
9.686734912063763581e-01,0.000000000000000000e+00,0.000000000000000000e+00,3.132650879362353091e-02,0.000000000000000000e+00
9.610979417440985717e-01,0.000000000000000000e+00,1.058851087541594176e-02,2.831354738048557154e-02,0.000000000000000000e+00
9.536349052769474977e-01,0.000000000000000000e+00,1.755775790888289972e-02,2.880733681416959568e-02,0.000000000000000000e+00
8.694086775068469164e-01,9.596588787289524192e-02,1.418504836269052043e-02,2.044038625756729871e-02,0.000000000000000000e+00
8.880177670735118767e-01,7.729681982352787362e-02,1.303303863113198895e-02,2.165237447182820005e-02,0.000000000000000000e+00
9.647309038782759805e-01,0.000000000000000000e+00,1.028061048240117535e-02,2.498848563932289796e-02,0.000000000000000000e+00
9.576419888779672540e-01,0.000000000000000000e+00,1.339810203887440397e-02,2.895990908315818416e-02,0.000000000000000000e+00
9.603112120454588840e-01,0.000000000000000000e+00,7.923847591095104642e-03,3.176494036344588295e-02,0.000000000000000000e+00
8.933634468374733739e-01,7.511403035241530357e-02,5.596824901515823174e-03,2.592569790859543949e-02,0.000000000000000000e+00
9.445706446865179684e-01,0.000000000000000000e+00,2.810959667898996553e-02,2.731975863449205566e-02,0.000000000000000000e+00
9.213948907477029771e-01,0.000000000000000000e+00,2.865005910148547136e-02,2.514606777437324026e-02,2.480898237643820031e-02
9.434620626927485709e-01,0.000000000000000000e+00,3.333918957410990369e-02,2.319874773314152885e-02,0.000000000000000000e+00
9.379084878193153507e-01,0.000000000000000000e+00,1.569365462263524330e-02,2.875952203055432560e-02,1.763833552749505956e-02
9.598131186045640861e-01,0.000000000000000000e+00,1.311934658903167461e-02,2.706753480640426354e-02,0.000000000000000000e+00
9.270593786854688378e-01,0.000000000000000000e+00,2.898566922285037914e-02,2.561726175126890007e-02,1.833769034041180662e-02
9.467311276738425985e-01,0.000000000000000000e+00,2.727700994672119933e-02,2.599186237943623343e-02,0.000000000000000000e+00
9.566472981911214868e-01,0.000000000000000000e+00,1.296731541788076307e-02,3.038538639099780392e-02,0.000000000000000000e+00
9.536689484635415548e-01,0.000000000000000000e+00,1.694600244096185204e-02,2.938504909549666949e-02,0.000000000000000000e+00
9.276531489320646306e-01,0.000000000000000000e+00,2.432006346248425516e-02,2.522825631963138138e-02,2.279853128581963220e-02
9.349938285922524406e-01,0.000000000000000000e+00,2.780278325397438424e-02,2.575787965447605063e-02,1.144550849929707424e-02
9.232304058827425219e-01,3.666925140844239789e-02,1.528836889566963751e-02,2.481197381314527786e-02,0.000000000000000000e+00
9.576785592428751492e-01,0.000000000000000000e+00,1.214585020237190366e-02,2.799253016533568075e-02,2.183060389417169640e-03
9.330053694059935454e-01,2.909386958803461543e-02,1.153862560812918096e-02,2.636213539784261831e-02,0.000000000000000000e+00
9.497538625014354530e-01,0.000000000000000000e+00,1.001969282061870511e-02,2.997982008703566070e-02,1.024662459091012570e-02
9.548744818423675618e-01,0.000000000000000000e+00,1.998389804661927088e-02,2.514162011101301122e-02,0.000000000000000000e+00
9.530156652548585905e-01,0.000000000000000000e+00,2.404211904501075275e-02,2.294221570013064634e-02,0.000000000000000000e+00
9.538351419728985370e-01,0.000000000000000000e+00,1.496500645340673348e-02,3.119985157369473475e-02,0.000000000000000000e+00
9.467055580178900254e-01,0.000000000000000000e+00,2.703033229992465175e-02,2.626410968218530900e-02,0.000000000000000000e+00
9.544823914803430842e-01,0.000000000000000000e+00,1.573946607242096909e-02,2.977814244723603343e-02,0.000000000000000000e+00
9.471162840192102195e-01,1.674058056052240076e-02,7.080472813816657274e-03,2.764248342070892844e-02,1.420179185741800559e-03
9.470133368440235566e-01,0.000000000000000000e+00,2.337508273130081693e-02,2.961158042467556747e-02,0.000000000000000000e+00
9.471250904293149198e-01,0.000000000000000000e+00,1.586290440574174287e-02,2.783728295371631217e-02,9.174722211226896823e-03
9.633417218211234312e-01,0.000000000000000000e+00,3.355467041334310105e-03,3.330281113754229860e-02,0.000000000000000000e+00
9.526304341180126256e-01,0.000000000000000000e+00,2.104598442737076747e-02,2.632358145461663815e-02,0.000000000000000000e+00
9.346053214183365210e-01,2.592601778663925285e-02,1.558225120305632878e-02,2.388640959196793381e-02,0.000000000000000000e+00
9.582862322569630775e-01,0.000000000000000000e+00,1.154658607562637947e-02,3.016718166741052740e-02,0.000000000000000000e+00
9.626715506311395165e-01,0.000000000000000000e+00,9.534784541472751326e-03,2.779366482738759511e-02,0.000000000000000000e+00
9.608708652379831516e-01,0.000000000000000000e+00,1.326935002563323432e-02,2.585978473638357242e-02,0.000000000000000000e+00
9.413718377527713344e-01,0.000000000000000000e+00,1.438344475608677175e-02,2.860168085454814491e-02,1.564303663659383919e-02
9.482798837342309994e-01,0.000000000000000000e+00,2.539281499555962399e-02,2.632730127020940086e-02,0.000000000000000000e+00
9.486269983288825314e-01,0.000000000000000000e+00,2.616761735170086700e-02,2.520538431941658081e-02,0.000000000000000000e+00
9.565213456979866358e-01,0.000000000000000000e+00,1.504810159748908374e-02,2.843055270452410008e-02,0.000000000000000000e+00
9.604094008796425497e-01,0.000000000000000000e+00,8.518751756834891387e-03,3.000882126034028902e-02,1.063026103182248888e-03
9.596212759227231714e-01,0.000000000000000000e+00,1.184369627311731080e-02,2.853502780415962531e-02,0.000000000000000000e+00
9.571624677897063727e-01,0.000000000000000000e+00,1.309829769792290356e-02,2.973923451237079144e-02,0.000000000000000000e+00
9.580799339158539984e-01,0.000000000000000000e+00,1.311640134370111593e-02,2.880366474044484745e-02,0.000000000000000000e+00
9.551062875001306018e-01,0.000000000000000000e+00,1.824714332618302542e-02,2.664656917368635192e-02,0.000000000000000000e+00
9.546992764427357780e-01,0.000000000000000000e+00,1.774773854671288578e-02,2.755298501055123556e-02,0.000000000000000000e+00
9.530973253890507868e-01,0.000000000000000000e+00,2.003965921934591082e-02,2.641330211310703724e-02,4.497132784961480403e-04
8.658085750074495657e-01,7.948761002967880129e-02,2.011334057470284473e-02,2.155505659964062834e-02,1.303541778852828487e-02
9.527883925748611427e-01,0.000000000000000000e+00,1.913971000473109127e-02,2.807189742040777300e-02,0.000000000000000000e+00
9.565863419244138299e-01,0.000000000000000000e+00,1.688548826926607530e-02,2.652816980631996641e-02,0.000000000000000000e+00
9.547419537030568115e-01,0.000000000000000000e+00,1.711079170063289218e-02,2.814725459631011589e-02,0.000000000000000000e+00
9.465533132997087096e-01,0.000000000000000000e+00,2.713815803171230195e-02,2.630852866857904399e-02,0.000000000000000000e+00
9.558957250936697125e-01,3.755701453838420582e-03,1.645363514512607553e-02,2.389493830736571373e-02,0.000000000000000000e+00
9.522973349445011948e-01,0.000000000000000000e+00,1.759168979615314751e-02,3.011097525934558136e-02,0.000000000000000000e+00
9.574693646833639660e-01,0.000000000000000000e+00,1.427601042966675574e-02,2.825462488696917421e-02,0.000000000000000000e+00
9.204119317213181883e-01,4.794603990675600641e-02,3.873792823966229048e-03,2.776823554795954802e-02,0.000000000000000000e+00
9.508522800578493861e-01,0.000000000000000000e+00,2.253715680107411592e-02,2.661056314107642165e-02,0.000000000000000000e+00
9.583645107848501876e-01,0.000000000000000000e+00,9.293773463541720598e-03,3.234171575160819934e-02,0.000000000000000000e+00
9.566782322932543270e-01,0.000000000000000000e+00,1.400677375893348738e-02,2.931499394781213186e-02,0.000000000000000000e+00
9.511728657203190052e-01,0.000000000000000000e+00,2.232282309228200701e-02,2.650431118739906070e-02,0.000000000000000000e+00
9.495918427538173612e-01,0.000000000000000000e+00,2.406039447470806683e-02,2.634776277147439852e-02,0.000000000000000000e+00
9.487237869386963007e-01,1.167993199248389298e-02,1.063999392889601082e-02,2.895628713992381628e-02,0.000000000000000000e+00
9.320482696671332778e-01,2.895509580143217770e-02,1.135515921267704793e-02,2.764147531875748437e-02,0.000000000000000000e+00
9.548489962631250272e-01,0.000000000000000000e+00,1.946892904257524828e-02,2.568207469429981127e-02,0.000000000000000000e+00
9.554304382435507836e-01,0.000000000000000000e+00,1.545409795870205522e-02,2.911546379774729992e-02,0.000000000000000000e+00
9.546143780080054153e-01,7.377825542837617052e-03,9.234129362694144458e-03,2.877366708646272170e-02,0.000000000000000000e+00
9.595576728526007404e-01,0.000000000000000000e+00,8.856257465500972162e-03,3.158606968189842101e-02,0.000000000000000000e+00
9.553146658083572218e-01,0.000000000000000000e+00,1.713836853323105758e-02,2.754696565841172756e-02,0.000000000000000000e+00
9.622413378158858333e-01,0.000000000000000000e+00,9.138295757350343301e-03,2.862036642676380610e-02,0.000000000000000000e+00
9.464510727987833771e-01,0.000000000000000000e+00,9.638823532155265522e-03,2.907597650545766868e-02,1.483412716360361927e-02
9.464288785538181870e-01,0.000000000000000000e+00,2.821704560485186614e-02,2.535407584133005793e-02,0.000000000000000000e+00
9.487682834353391437e-01,0.000000000000000000e+00,2.909394834272467298e-02,2.213776822193612437e-02,0.000000000000000000e+00
9.210853761849325805e-01,0.000000000000000000e+00,1.339637787335237230e-02,2.901823342531838906e-02,3.650001251639668071e-02
9.538148442195227839e-01,0.000000000000000000e+00,1.876352593328676002e-02,2.742162984719052898e-02,0.000000000000000000e+00
8.850609917430511953e-01,7.170006757409150278e-02,2.221417872338178612e-02,2.102476195947554707e-02,0.000000000000000000e+00
9.511949443300015128e-01,0.000000000000000000e+00,2.034560849456559101e-02,2.845944717543295172e-02,0.000000000000000000e+00
9.528553669040544793e-01,0.000000000000000000e+00,2.154450852187635157e-02,2.560012457406912051e-02,0.000000000000000000e+00
9.451690403566554988e-01,0.000000000000000000e+00,2.920039582703439288e-02,2.563056381631000774e-02,0.000000000000000000e+00
9.603566245662423784e-01,0.000000000000000000e+00,1.214471538771147788e-02,2.749866004604608824e-02,0.000000000000000000e+00
9.462003017448495923e-01,0.000000000000000000e+00,2.866317919432588221e-02,2.513651906082458795e-02,0.000000000000000000e+00
9.442839001755866102e-01,0.000000000000000000e+00,2.192531472879227696e-03,3.402886068858770874e-02,1.949470766294649632e-02
9.384951202330230613e-01,2.248654735688572839e-02,1.441242691091312693e-02,2.460590549917816491e-02,0.000000000000000000e+00
9.098788106347305282e-01,0.000000000000000000e+00,1.353744490277686285e-02,2.737371697690344288e-02,4.921002748558916950e-02
9.559278684478260679e-01,0.000000000000000000e+00,2.019550607163767345e-02,2.387662548053628292e-02,0.000000000000000000e+00
9.545221438929137880e-01,0.000000000000000000e+00,1.416337746567386188e-02,3.131447864141227722e-02,0.000000000000000000e+00
9.178323346355460322e-01,4.808990533527190969e-02,8.911909870759855690e-03,2.516585015842200471e-02,0.000000000000000000e+00
9.451965089701738210e-01,0.000000000000000000e+00,2.955935681445417268e-02,2.524413421537187799e-02,0.000000000000000000e+00
9.508514506341863015e-01,0.000000000000000000e+00,2.445986777677805479e-02,2.468868158903551185e-02,0.000000000000000000e+00
9.546332355832085614e-01,0.000000000000000000e+00,1.551729068774510695e-02,2.984947372904625876e-02,0.000000000000000000e+00
9.533199723249494717e-01,0.000000000000000000e+00,1.885610436530516659e-02,2.782392330974545538e-02,0.000000000000000000e+00
9.582736453776380392e-01,0.000000000000000000e+00,1.374960648604298639e-02,2.797674813631912880e-02,0.000000000000000000e+00
9.537682978103492193e-01,0.000000000000000000e+00,1.985249916059014796e-02,2.637920302906063275e-02,0.000000000000000000e+00
9.530238994028330524e-01,6.428712125649633548e-03,1.704011456922472148e-02,2.350727390229255878e-02,0.000000000000000000e+00
9.544481281261079086e-01,0.000000000000000000e+00,1.905998684771164839e-02,2.649188502618051930e-02,0.000000000000000000e+00
9.594516159036586833e-01,0.000000000000000000e+00,1.099938547820811588e-02,2.954899861813320774e-02,0.000000000000000000e+00
9.511516023158395061e-01,0.000000000000000000e+00,2.029882158953996013e-02,2.854957609462054763e-02,0.000000000000000000e+00
9.541527968207328403e-01,0.000000000000000000e+00,1.514274198786042316e-02,3.070446119140675736e-02,0.000000000000000000e+00
8.844200005228626260e-01,8.852776854358837544e-02,0.000000000000000000e+00,2.705223093354905406e-02,0.000000000000000000e+00
9.621511062539476189e-01,0.000000000000000000e+00,3.461876068888620952e-03,3.438701767716374064e-02,0.000000000000000000e+00
9.587435635570289438e-01,0.000000000000000000e+00,1.346000638592255438e-02,2.779643005704868913e-02,0.000000000000000000e+00
9.153909765258128051e-01,3.931874813479662584e-02,2.476711236144295281e-02,2.052316297794753649e-02,0.000000000000000000e+00
9.154819655796555544e-01,0.000000000000000000e+00,2.164383712673056178e-03,3.282148857361429084e-02,4.953216213405708251e-02
9.099397627243527298e-01,0.000000000000000000e+00,1.025763422204945853e-02,2.864571115068104482e-02,5.115689190291691085e-02
9.583538804622451224e-01,0.000000000000000000e+00,1.268166959579356684e-02,2.896444994196124487e-02,0.000000000000000000e+00
9.548502492379232764e-01,0.000000000000000000e+00,1.938100134002403510e-02,2.576874942205267457e-02,0.000000000000000000e+00
9.578859318705076342e-01,0.000000000000000000e+00,1.350512064381682691e-02,2.860894748567549203e-02,0.000000000000000000e+00
9.450780335369721730e-01,1.192441283669227678e-02,1.770376990843091497e-02,2.529378371790466998e-02,0.000000000000000000e+00
9.612671092322048194e-01,0.000000000000000000e+00,5.929559629129817731e-03,3.280333113866557709e-02,0.000000000000000000e+00
9.466606360984626267e-01,0.000000000000000000e+00,2.907856678240496387e-02,2.426079711913241982e-02,0.000000000000000000e+00
9.241149405965849439e-01,3.163286480392624861e-02,1.134413236669836768e-02,2.705330810451929760e-02,5.854754128271070189e-03
9.449764815237107207e-01,0.000000000000000000e+00,3.121257029249647347e-02,2.381094818379293765e-02,0.000000000000000000e+00
9.561484447338580717e-01,0.000000000000000000e+00,1.549446826808370190e-02,2.835708699805826460e-02,0.000000000000000000e+00
9.664154607990036450e-01,0.000000000000000000e+00,1.060910959161019684e-03,3.252362824183532841e-02,0.000000000000000000e+00
9.463406439310568796e-01,0.000000000000000000e+00,2.681007073640853666e-02,2.684928533253445188e-02,0.000000000000000000e+00
9.463593386710296151e-01,7.347474097225230143e-03,1.838090957014890808e-02,2.791227766159619719e-02,0.000000000000000000e+00
9.516407960981569936e-01,0.000000000000000000e+00,2.230138219487938500e-02,2.605782170696361102e-02,0.000000000000000000e+00
9.408585301548942903e-01,1.933373625543631513e-02,1.182598830171402091e-02,2.798174528795537713e-02,0.000000000000000000e+00
9.094193598659173761e-01,5.465371257143709915e-02,9.805282128635956287e-03,2.612164543400969166e-02,0.000000000000000000e+00
9.569086577166644458e-01,0.000000000000000000e+00,1.255548371790917751e-02,3.053585856542638532e-02,0.000000000000000000e+00
9.613310726222773495e-01,0.000000000000000000e+00,8.484831261784016310e-03,3.018409611593867239e-02,0.000000000000000000e+00
9.530491356088859334e-01,0.000000000000000000e+00,2.199478287726568462e-02,2.495608151384819465e-02,0.000000000000000000e+00
9.596978922364493014e-01,0.000000000000000000e+00,1.073270125120049517e-02,2.956940651235009584e-02,0.000000000000000000e+00
9.030865521426489906e-01,5.159637239894403204e-02,2.430092849132972285e-02,2.101614696707734820e-02,0.000000000000000000e+00
9.648544965029010045e-01,0.000000000000000000e+00,4.980925616386876198e-03,3.016457788071213661e-02,0.000000000000000000e+00
9.626538309158438889e-01,0.000000000000000000e+00,6.257418101570278064e-03,3.108875098258578190e-02,0.000000000000000000e+00
9.532411079398990239e-01,0.000000000000000000e+00,2.457872093300281571e-02,2.218017112709813957e-02,0.000000000000000000e+00
8.961646070909577988e-01,6.727636938486533658e-02,1.041191300383787106e-02,2.614711052033879754e-02,0.000000000000000000e+00
9.042734182259815068e-01,5.823725589195812707e-02,1.166431357401687997e-02,2.582501230804331790e-02,0.000000000000000000e+00
8.898386640113903345e-01,7.846191995179124801e-02,7.304899017999457941e-03,2.439451701881898901e-02,0.000000000000000000e+00
9.467456825001969722e-01,0.000000000000000000e+00,2.728147481407778088e-02,2.597284268572535096e-02,0.000000000000000000e+00
9.486253845667642626e-01,0.000000000000000000e+00,2.544077465191095511e-02,2.593384078132490028e-02,0.000000000000000000e+00
9.506216137292545776e-01,0.000000000000000000e+00,2.777741195482800671e-02,2.160097431591751285e-02,0.000000000000000000e+00
9.551645671720950803e-01,0.000000000000000000e+00,1.665243555810091286e-02,2.818299726980394090e-02,0.000000000000000000e+00
9.323372619584927579e-01,0.000000000000000000e+00,1.252102138054038069e-02,2.929976260896988496e-02,2.584195405199704240e-02
9.297362531669626229e-01,0.000000000000000000e+00,3.502966585514059178e-02,2.401461378423896259e-02,1.121946719365759376e-02
9.585328475482177701e-01,0.000000000000000000e+00,1.479949164542963130e-02,2.666766080635261937e-02,0.000000000000000000e+00
9.478517789839644436e-01,0.000000000000000000e+00,2.521171751764340885e-02,2.693650349839232100e-02,0.000000000000000000e+00
9.079484849289056747e-01,5.464700618545768884e-02,1.633172061534238217e-02,2.107278827029426121e-02,0.000000000000000000e+00
8.404050038921532240e-01,1.138752330802257490e-01,2.723812874170566251e-02,1.848163428591541660e-02,0.000000000000000000e+00
9.534530178694853308e-01,0.000000000000000000e+00,2.041669047921775351e-02,2.613029165129674564e-02,0.000000000000000000e+00
9.236248714475460142e-01,0.000000000000000000e+00,2.348100918591731687e-02,2.754389392268911246e-02,2.535022544384751483e-02
9.478097679769097450e-01,1.802803210128998967e-02,5.106224378952374174e-03,2.905597554284788248e-02,0.000000000000000000e+00
9.372869388193207918e-01,2.640008452906858136e-02,9.217781503474525504e-03,2.709519514813617247e-02,0.000000000000000000e+00
9.541884737817435402e-01,0.000000000000000000e+00,1.618538980495662361e-02,2.962613641329985698e-02,0.000000000000000000e+00
9.530604557666798593e-01,0.000000000000000000e+00,1.531851890990448481e-02,3.162102532341567324e-02,0.000000000000000000e+00
9.568461973217613492e-01,0.000000000000000000e+00,1.549472358721778152e-02,2.765907909102092999e-02,0.000000000000000000e+00
9.533904231837631027e-01,0.000000000000000000e+00,1.976719556471035963e-02,2.684238125152653420e-02,0.000000000000000000e+00
9.514888492335643599e-01,1.427043742982240029e-02,4.778422470815197644e-03,2.946229086579802217e-02,0.000000000000000000e+00
9.607612345309102242e-01,0.000000000000000000e+00,1.130443522832669592e-02,2.793433024076295498e-02,0.000000000000000000e+00
9.572604360669157986e-01,0.000000000000000000e+00,1.447638549217376662e-02,2.826317844091027001e-02,0.000000000000000000e+00
9.530391920710015174e-01,0.000000000000000000e+00,2.098674617759512320e-02,2.597406175140343221e-02,0.000000000000000000e+00
9.606684339615438883e-01,0.000000000000000000e+00,1.044759107692682341e-02,2.888397496152933855e-02,0.000000000000000000e+00
9.570796535512242631e-01,0.000000000000000000e+00,1.343833221990973006e-02,2.948201422886589929e-02,0.000000000000000000e+00
9.120532618440154726e-01,0.000000000000000000e+00,2.706440892430226133e-02,2.515523842883879771e-02,3.572709080284346139e-02
9.526270878749119042e-01,0.000000000000000000e+00,2.002576329882081382e-02,2.734714882626730278e-02,0.000000000000000000e+00
9.310221990206682952e-01,0.000000000000000000e+00,7.775197441786831261e-03,2.881623954106336469e-02,3.238636399648149589e-02
9.525702690307910059e-01,0.000000000000000000e+00,2.233212151314590416e-02,2.509760945606297894e-02,0.000000000000000000e+00
9.572056416378448285e-01,0.000000000000000000e+00,1.441276726936967754e-02,2.838159109278536041e-02,0.000000000000000000e+00
9.559677293470364434e-01,5.097918650493300612e-03,1.424290666209784839e-02,2.469144534037225058e-02,0.000000000000000000e+00
9.476742157164648184e-01,0.000000000000000000e+00,2.595071918295204991e-02,2.637506510058309356e-02,0.000000000000000000e+00
9.570549249079977061e-01,0.000000000000000000e+00,1.472466308706838443e-02,2.822041200493383140e-02,0.000000000000000000e+00
9.593039232149654927e-01,0.000000000000000000e+00,1.261947399601974149e-02,2.807660278901479359e-02,0.000000000000000000e+00
9.616398112859996239e-01,0.000000000000000000e+00,9.056849943714400525e-03,2.930333877028599987e-02,0.000000000000000000e+00
9.575391757452801356e-01,0.000000000000000000e+00,1.091729985392391779e-02,3.154352440079587205e-02,0.000000000000000000e+00
9.304824850294851624e-01,3.223461191607675941e-02,1.332520398593035546e-02,2.395769906850768460e-02,0.000000000000000000e+00
9.367432229506901242e-01,3.280482652927962928e-02,2.199161396649297866e-03,2.825278912338107656e-02,0.000000000000000000e+00
9.556109808107314807e-01,0.000000000000000000e+00,1.575696906815090073e-02,2.863205012111754919e-02,0.000000000000000000e+00
9.002112954486624075e-01,6.950081705880223337e-02,3.848434352346211205e-03,2.643945314018917442e-02,0.000000000000000000e+00
9.565171506521512601e-01,1.615146860396395002e-03,1.468377261297861350e-02,2.718392987447380491e-02,0.000000000000000000e+00
9.507803987595598860e-01,0.000000000000000000e+00,2.145850390332573396e-02,2.776109733711425165e-02,0.000000000000000000e+00
8.856044739980752922e-01,7.802273930105282918e-02,4.610320644439809025e-03,2.618835078414421050e-02,5.574115272287743714e-03
9.544279152545480649e-01,0.000000000000000000e+00,1.564478563625253810e-02,2.992729910919942823e-02,0.000000000000000000e+00
9.192504814721332851e-01,0.000000000000000000e+00,1.905959219706040292e-02,2.644318763715299003e-02,3.524673869365326645e-02
9.556973396701098356e-01,0.000000000000000000e+00,1.504663072284899081e-02,2.925602960704120487e-02,0.000000000000000000e+00
9.464812965091764507e-01,1.698798294227886474e-02,1.069897072945028178e-02,2.583174981909457102e-02,0.000000000000000000e+00
9.482294212414633661e-01,0.000000000000000000e+00,2.824860622916808631e-02,2.352197252936847477e-02,0.000000000000000000e+00
9.563343115461785393e-01,0.000000000000000000e+00,1.635737564610025702e-02,2.730831280772132164e-02,0.000000000000000000e+00
9.650319756763042767e-01,1.833695308540690596e-03,3.120264813353867527e-03,3.001406420180118689e-02,0.000000000000000000e+00
9.289176571869182109e-01,9.180001497196131621e-03,0.000000000000000000e+00,2.930141817942491164e-02,3.260092313646073547e-02
9.479888590628018363e-01,0.000000000000000000e+00,2.985169659004210593e-02,2.215944434715618264e-02,0.000000000000000000e+00
9.540421120376952890e-01,0.000000000000000000e+00,2.052397090232240678e-02,2.543391705998235275e-02,0.000000000000000000e+00
9.417083598988135185e-01,0.000000000000000000e+00,2.027502841217454499e-02,2.734266103387760979e-02,1.067395065513453319e-02
9.465277164203104165e-01,2.010883724874820699e-02,8.143290118747524911e-03,2.522015621219380818e-02,0.000000000000000000e+00
9.426034324713911117e-01,0.000000000000000000e+00,2.206986827904639306e-02,2.630507747512031771e-02,9.021621774442229597e-03
9.524581129035534222e-01,0.000000000000000000e+00,2.271509405172861262e-02,2.482679304471799991e-02,0.000000000000000000e+00
9.568311461093839121e-01,0.000000000000000000e+00,1.710187461454671515e-02,2.606697927606943521e-02,0.000000000000000000e+00
8.801971620365374172e-01,8.409670895821214076e-02,1.157831541914366470e-02,2.412781358610682075e-02,0.000000000000000000e+00
9.503264694686567315e-01,0.000000000000000000e+00,2.335165832220192916e-02,2.632187220914132889e-02,0.000000000000000000e+00
9.335571514659056769e-01,0.000000000000000000e+00,2.892868661942260555e-02,2.682439061672523342e-02,1.068977129794644772e-02
9.538990579882615783e-01,0.000000000000000000e+00,2.082472989251049275e-02,2.527621211922780747e-02,0.000000000000000000e+00
9.637448729505810885e-01,0.000000000000000000e+00,3.527822685732218740e-03,3.272730436368673917e-02,0.000000000000000000e+00
9.611317639003716939e-01,5.804389373445193248e-03,3.671704161528367531e-03,2.939214256465453104e-02,0.000000000000000000e+00
8.708248528058184501e-01,9.683026194404473208e-02,7.148091709994601820e-03,2.519679354014242936e-02,0.000000000000000000e+00
9.642101383152498206e-01,0.000000000000000000e+00,4.885224014706476131e-03,3.090463767004366855e-02,0.000000000000000000e+00
9.193132054612057624e-01,0.000000000000000000e+00,1.365776125031276794e-02,2.969384806878383465e-02,3.733518521969773907e-02
9.560679168792871607e-01,0.000000000000000000e+00,1.323423527604681606e-02,3.069784784466610475e-02,0.000000000000000000e+00
9.642566102445599974e-01,0.000000000000000000e+00,8.194913159747760009e-03,2.754847659569231721e-02,0.000000000000000000e+00
9.508103914940982948e-01,0.000000000000000000e+00,2.346911679138236409e-02,2.572049171451939314e-02,0.000000000000000000e+00
8.675773912248251341e-01,9.215069254436791812e-02,1.963533096933114605e-02,2.063658526147589892e-02,0.000000000000000000e+00
8.791324962774229590e-01,9.374676333279163831e-02,4.992304036283273620e-03,2.212843635350227392e-02,0.000000000000000000e+00
9.630809701897903308e-01,0.000000000000000000e+00,9.210072161484752357e-03,2.770895764872498626e-02,0.000000000000000000e+00
9.529353417872064025e-01,0.000000000000000000e+00,2.425958316959368408e-02,2.280507504319987874e-02,0.000000000000000000e+00
9.193217178431307701e-01,0.000000000000000000e+00,3.258533907975660893e-02,2.386137159016777157e-02,2.423157148694487020e-02
9.558192044691620204e-01,0.000000000000000000e+00,1.765417313048821962e-02,2.652662240034973570e-02,0.000000000000000000e+00
9.506511124632155418e-01,0.000000000000000000e+00,2.125294391951781242e-02,2.809594361726663533e-02,0.000000000000000000e+00
8.964198458390698621e-01,5.453578636979283106e-02,2.707743585369332476e-02,2.196693193744408620e-02,0.000000000000000000e+00
9.501597115964989237e-01,0.000000000000000000e+00,2.192129027530890367e-02,2.791899812819225585e-02,0.000000000000000000e+00
9.534337436203139671e-01,0.000000000000000000e+00,1.913729790532881989e-02,2.742895847435701875e-02,0.000000000000000000e+00
9.563223596134925453e-01,0.000000000000000000e+00,1.509234276165680524e-02,2.858529762485067030e-02,0.000000000000000000e+00
9.142765482224431972e-01,4.683517750245284883e-02,1.146056791511151918e-02,2.742770635999245907e-02,0.000000000000000000e+00
9.220128885091788407e-01,3.015099506662198905e-02,2.501335501041289378e-02,2.282276141378629733e-02,0.000000000000000000e+00
8.942684082698199033e-01,0.000000000000000000e+00,1.907291072693429596e-02,2.515045253353149698e-02,6.150822846971437663e-02
9.595295747197671865e-01,0.000000000000000000e+00,7.498321130605670008e-03,3.297210414962713221e-02,0.000000000000000000e+00
9.435082290350359502e-01,0.000000000000000000e+00,3.033984630971139559e-02,2.615192465525271320e-02,0.000000000000000000e+00
9.568042277476184188e-01,0.000000000000000000e+00,1.665914803585956741e-02,2.653662421652192710e-02,0.000000000000000000e+00
9.407170564632324483e-01,0.000000000000000000e+00,2.006678841536562244e-02,2.766496298883789826e-02,1.155119213256389915e-02
9.535779326618142315e-01,0.000000000000000000e+00,2.091178174650049418e-02,2.551028559168531593e-02,0.000000000000000000e+00
9.607972207047702495e-01,0.000000000000000000e+00,9.764717136939195241e-03,2.943806215829050665e-02,0.000000000000000000e+00
9.471306000504318146e-01,0.000000000000000000e+00,2.722849626255817793e-02,2.564090368701007344e-02,0.000000000000000000e+00
9.443348115192351511e-01,2.537631120925460011e-03,8.709261026370236983e-03,2.924214267535681089e-02,1.517615365811233845e-02
9.552699422550939845e-01,0.000000000000000000e+00,1.697492043265535003e-02,2.775513731225074873e-02,0.000000000000000000e+00
9.399072756729166533e-01,2.035981406049876263e-02,1.389361656136690361e-02,2.583929370521767174e-02,0.000000000000000000e+00
9.627856902200153666e-01,0.000000000000000000e+00,4.495388848463423986e-03,3.271892093152119207e-02,0.000000000000000000e+00
9.515333065863125217e-01,0.000000000000000000e+00,1.463051673222353841e-02,3.146529444217363580e-02,2.370882239290198271e-03
9.421316544857590847e-01,0.000000000000000000e+00,2.441902702577446183e-02,2.768253147186102575e-02,5.766787016605373975e-03
9.449404738688456096e-01,0.000000000000000000e+00,2.789224773750497571e-02,2.716727839364943900e-02,0.000000000000000000e+00
9.452252437977648469e-01,0.000000000000000000e+00,3.168526251865201593e-02,2.308949368358325510e-02,0.000000000000000000e+00
9.485074929835156654e-01,0.000000000000000000e+00,2.806792726713921993e-02,2.342457974934512507e-02,0.000000000000000000e+00
9.512654852260752358e-01,0.000000000000000000e+00,2.548831155567754178e-02,2.324620321824727096e-02,0.000000000000000000e+00
9.457821448587877544e-01,0.000000000000000000e+00,3.148984792919658215e-02,2.272800721201561486e-02,0.000000000000000000e+00
9.636718512759852029e-01,0.000000000000000000e+00,6.866013397918113194e-03,2.946213532609679581e-02,0.000000000000000000e+00
9.636434491621717058e-01,0.000000000000000000e+00,7.875035026130313906e-03,2.848151581169789184e-02,0.000000000000000000e+00
9.496836445035654606e-01,5.203073390331736450e-03,1.778828652189019463e-02,2.732499558421267946e-02,0.000000000000000000e+00
9.527893365134878501e-01,0.000000000000000000e+00,2.268904245805846223e-02,2.452162102845375363e-02,0.000000000000000000e+00
9.394292141750987257e-01,0.000000000000000000e+00,2.438121902724036186e-02,2.558563460618196519e-02,1.060393219147899579e-02
9.589253973581894908e-01,0.000000000000000000e+00,1.307689018073267956e-02,2.799771246107775682e-02,0.000000000000000000e+00
9.535412688930411385e-01,0.000000000000000000e+00,2.273306189657600326e-02,2.372566921038283747e-02,0.000000000000000000e+00
9.466340877372617646e-01,0.000000000000000000e+00,2.097357984660137842e-02,2.717504265428356477e-02,5.217289761853303488e-03
9.539350631334244657e-01,0.000000000000000000e+00,1.679258907467935658e-02,2.927234779189621938e-02,0.000000000000000000e+00
9.667731095824819709e-01,0.000000000000000000e+00,0.000000000000000000e+00,3.322689041751804295e-02,0.000000000000000000e+00
9.034556392395365343e-01,4.608216233959682578e-02,2.500328179028911066e-02,2.293138668595407631e-02,2.527529944623270377e-03
9.129622816990385914e-01,5.308978810113656327e-02,8.592859141212164792e-03,2.535507105861279156e-02,0.000000000000000000e+00
9.348686235461169947e-01,3.817067970945169780e-02,0.000000000000000000e+00,2.696069674443153305e-02,0.000000000000000000e+00
9.135698301570418511e-01,5.044009226570117521e-02,1.119408155799102994e-02,2.479599601926602004e-02,0.000000000000000000e+00
9.500951367634278277e-01,0.000000000000000000e+00,2.216332136398523403e-02,2.774154187258695906e-02,0.000000000000000000e+00
9.543208835914738231e-01,0.000000000000000000e+00,1.849710350127124758e-02,2.718201290725490160e-02,0.000000000000000000e+00
9.576004002884042077e-01,0.000000000000000000e+00,1.392098515584286149e-02,2.847861455575300196e-02,0.000000000000000000e+00
9.575080011606093011e-01,0.000000000000000000e+00,1.260995946103791315e-02,2.988203937835277532e-02,0.000000000000000000e+00
9.559711915540836102e-01,0.000000000000000000e+00,1.731904450235505211e-02,2.670976394356132724e-02,0.000000000000000000e+00
9.309808459700416039e-01,2.316937160969797377e-02,2.218042095786037712e-02,2.366936146240001745e-02,0.000000000000000000e+00
9.606785685593011159e-01,0.000000000000000000e+00,1.245690879683462177e-02,2.686452264386418598e-02,0.000000000000000000e+00
9.636788448672455321e-01,0.000000000000000000e+00,6.099641521723217844e-03,3.022151361103121020e-02,0.000000000000000000e+00
9.041519919169561659e-01,6.712497869785204185e-02,3.315339229949291425e-03,2.540769015524241281e-02,0.000000000000000000e+00
9.589654901983760693e-01,2.317595961438586444e-04,1.429543575649049741e-02,2.650731444898962730e-02,0.000000000000000000e+00
9.650780887443153322e-01,0.000000000000000000e+00,3.741966457563015904e-03,3.117994479812143463e-02,0.000000000000000000e+00
9.526682779120057010e-01,0.000000000000000000e+00,2.228763990076071400e-02,2.504408218723351912e-02,0.000000000000000000e+00
9.459222154024655715e-01,0.000000000000000000e+00,2.877050745785359603e-02,2.530727713968076650e-02,0.000000000000000000e+00
9.528909483069618602e-01,0.000000000000000000e+00,1.792428720453565633e-02,2.918476448850241753e-02,0.000000000000000000e+00
9.142233210515499087e-01,4.868330034220046121e-02,1.146233244046399383e-02,2.563104616578546976e-02,0.000000000000000000e+00
9.498189654851917352e-01,0.000000000000000000e+00,1.039143131011379187e-02,2.808883950998673426e-02,1.170076369470777512e-02
9.591823788416803387e-01,5.600845014535799776e-03,5.354732405162755844e-03,2.986204373862115166e-02,0.000000000000000000e+00
9.288563207844066083e-01,0.000000000000000000e+00,3.225183743472342934e-02,2.244991164655052093e-02,1.644193013431938591e-02
9.547880797973139488e-01,0.000000000000000000e+00,1.625468523286850014e-02,2.895723496981765510e-02,0.000000000000000000e+00
9.569870518147360894e-01,0.000000000000000000e+00,1.487813941244908733e-02,2.813480877281481635e-02,0.000000000000000000e+00
9.593505464892868595e-01,0.000000000000000000e+00,1.387696482094665645e-02,2.677248868976643201e-02,0.000000000000000000e+00
9.571492212413907907e-01,0.000000000000000000e+00,1.218670237643954164e-02,3.066407638216954099e-02,0.000000000000000000e+00
9.520766666351161422e-01,0.000000000000000000e+00,2.188991905177634090e-02,2.603341431310745788e-02,0.000000000000000000e+00
9.452913109079971177e-01,0.000000000000000000e+00,2.410349660057872420e-02,2.688409845335383921e-02,3.721094038070306333e-03
9.570119239824914636e-01,0.000000000000000000e+00,1.413835790343946977e-02,2.884971811406919148e-02,0.000000000000000000e+00
9.421846067880492726e-01,2.083226203903320792e-02,1.205344806026778515e-02,2.492968311264966152e-02,0.000000000000000000e+00
9.518565391401593301e-01,0.000000000000000000e+00,2.172605459346425155e-02,2.641740626637639061e-02,0.000000000000000000e+00
9.538022690300144157e-01,0.000000000000000000e+00,1.792545421529667671e-02,2.827227675468890061e-02,0.000000000000000000e+00
9.391852959869546602e-01,1.557058781496195587e-02,1.945432840123282464e-02,2.578978779685050723e-02,0.000000000000000000e+00
9.580106752427999250e-01,0.000000000000000000e+00,1.071932583826424104e-02,3.126999891893596228e-02,0.000000000000000000e+00
8.647436466200956184e-01,0.000000000000000000e+00,1.947263291002797325e-02,2.515538416587334916e-02,9.062833630400315976e-02
8.971852420166515074e-01,5.888808915951256051e-02,2.212942954933089235e-02,2.179723927450494259e-02,0.000000000000000000e+00
9.468553607374600167e-01,0.000000000000000000e+00,2.824066770977085028e-02,2.490397155276910524e-02,0.000000000000000000e+00
9.623291185098225009e-01,0.000000000000000000e+00,5.979353825914918673e-03,3.169152766426268364e-02,0.000000000000000000e+00
9.640281534081348580e-01,0.000000000000000000e+00,3.578903752689230854e-03,3.239294283917598660e-02,0.000000000000000000e+00
9.541985448377124923e-01,0.000000000000000000e+00,1.713846221213523660e-02,2.866299295015223639e-02,0.000000000000000000e+00
9.475925476221668253e-01,0.000000000000000000e+00,2.735496365891076920e-02,2.505248871892241935e-02,0.000000000000000000e+00
9.537227019734463296e-01,0.000000000000000000e+00,1.972163383999377476e-02,2.655566418655990954e-02,0.000000000000000000e+00
9.528845297732543296e-01,0.000000000000000000e+00,1.834220199804693224e-02,2.877326822869874165e-02,0.000000000000000000e+00
8.739082880861505087e-01,9.231881009382268688e-02,1.160701671354775338e-02,2.216588510647908225e-02,0.000000000000000000e+00
9.615600897079668030e-01,3.219877560137137957e-03,7.672366706763514808e-03,2.754766602513251603e-02,0.000000000000000000e+00
8.871153129002673499e-01,8.483903436303660839e-02,4.023516209300950254e-03,2.402213652739505420e-02,0.000000000000000000e+00
9.235588134753475176e-01,0.000000000000000000e+00,2.084715892829262784e-02,2.535117358356560324e-02,3.024285401279427909e-02
9.627433924141978183e-01,0.000000000000000000e+00,6.638190908634429392e-03,3.061841667716784163e-02,0.000000000000000000e+00
9.557841258303184651e-01,0.000000000000000000e+00,1.595106389166303304e-02,2.826481027801847762e-02,0.000000000000000000e+00
9.576650731006194350e-01,0.000000000000000000e+00,1.673856106495597365e-02,2.559636583442460173e-02,0.000000000000000000e+00
9.366374004716110369e-01,3.381914361025710469e-02,0.000000000000000000e+00,2.954345591813201458e-02,0.000000000000000000e+00
9.015076965223595140e-01,0.000000000000000000e+00,1.354394522456333488e-02,2.666010303468542564e-02,5.828825521839171159e-02
9.264150679968532476e-01,0.000000000000000000e+00,7.206987004402292535e-03,3.087661701773737957e-02,3.550132798100715664e-02
9.482317468948550099e-01,0.000000000000000000e+00,2.703704354929884965e-02,2.473120955584628619e-02,0.000000000000000000e+00
9.481703543932118450e-01,0.000000000000000000e+00,1.839359451570142176e-02,2.833866599945460488e-02,5.097385091632137925e-03
9.584497129344725641e-01,0.000000000000000000e+00,1.239274560082544857e-02,2.915754146470201508e-02,0.000000000000000000e+00
9.598472077864809160e-01,0.000000000000000000e+00,9.661658399671571931e-03,3.049113381384754851e-02,0.000000000000000000e+00
9.519256814224763552e-01,0.000000000000000000e+00,2.232636896287716263e-02,2.574794961464664869e-02,0.000000000000000000e+00
9.649252603255294991e-01,0.000000000000000000e+00,1.133859223504503399e-03,3.394088045096594480e-02,0.000000000000000000e+00
9.551490098455546196e-01,0.000000000000000000e+00,1.248477326788457326e-02,3.236621688656080020e-02,0.000000000000000000e+00
9.539888947535712926e-01,0.000000000000000000e+00,1.887975943362545789e-02,2.713134581280346805e-02,0.000000000000000000e+00
9.520208969325345549e-01,0.000000000000000000e+00,2.160032601477360550e-02,2.637877705269194364e-02,0.000000000000000000e+00
9.561497517791449630e-01,0.000000000000000000e+00,1.803815859568284538e-02,2.581208962517233044e-02,0.000000000000000000e+00
9.663193243016928724e-01,3.287741388992259685e-03,0.000000000000000000e+00,3.039293430931496592e-02,0.000000000000000000e+00
9.384929206170814497e-01,0.000000000000000000e+00,2.932418482876517421e-02,2.943295134924297021e-02,2.749943204910465684e-03
9.159525420509697646e-01,3.933735741952436998e-02,2.187891253396670455e-02,2.283118799553920594e-02,0.000000000000000000e+00
9.659473306392890590e-01,0.000000000000000000e+00,4.685196517487217986e-03,2.936747284322381579e-02,0.000000000000000000e+00
