# DNRN, Denitrification, Anammox, Nitrite Oxidation, CaCO3 Dissolution 
7.835046696354479590e-01,0.000000000000000000e+00,1.713417279513639035e-02,1.395382140421628191e-02,1.854073361651993324e-01
7.407453346932192373e-01,2.160395306466605936e-02,2.575382936622415755e-02,1.477959709651096264e-02,1.971172857793795918e-01
9.253038829855168013e-01,0.000000000000000000e+00,2.347084260338230810e-02,2.029867608086172517e-02,3.092659833023921404e-02
7.111885750743539569e-01,0.000000000000000000e+00,2.680573904732525686e-02,1.273492352462391591e-02,2.492707623536968564e-01
9.444939828044940366e-01,0.000000000000000000e+00,2.889101939833900803e-02,1.702308002099953838e-02,9.591917776167380519e-03
8.121978615233913512e-01,3.088865580670628608e-02,1.913835126897637726e-02,1.568570933782244964e-02,1.220894220631034977e-01
8.643691476979924460e-01,0.000000000000000000e+00,2.687230331485425741e-02,1.592397328171408361e-02,9.283457570543914017e-02
7.693944757875087470e-01,2.111571514532854799e-01,6.261508242940084547e-03,1.318686451626567904e-02,0.000000000000000000e+00
7.964210583830511059e-01,0.000000000000000000e+00,2.405782244047080520e-02,1.339132030698817269e-02,1.661297988694900030e-01
7.289151374547699902e-01,2.560934052701486358e-02,1.622684902229896975e-02,1.434500873182017501e-02,2.149036642640960726e-01
6.783906892026427826e-01,8.701339263721956374e-02,2.736516356197414221e-02,8.178217936305177266e-03,1.990525366618582925e-01
6.686502164548100424e-01,0.000000000000000000e+00,2.332911502876432522e-02,9.934537865226225964e-03,2.980861306511994879e-01
8.569968787868752491e-01,0.000000000000000000e+00,2.629078113363687505e-02,1.557883030893533749e-02,1.011335097705525904e-01
6.036097400016380288e-01,2.599759438678215795e-01,1.012551082502341840e-02,9.634635621441439007e-03,1.166541696840754927e-01
8.515758933300826561e-01,0.000000000000000000e+00,2.341868861954473843e-02,1.658011862163392275e-02,1.084252994287385891e-01
6.294498114233278985e-01,4.111102388258964374e-02,2.210149388948997456e-02,8.306503308345534672e-03,2.990311674962471411e-01
5.456547423387259066e-01,3.046793545048844254e-01,0.000000000000000000e+00,7.518444449775888404e-03,1.421474587066137163e-01
6.563696506248759555e-01,0.000000000000000000e+00,2.508860709083716133e-03,1.504093026164587434e-02,3.260805584043945382e-01
5.607772991371734461e-01,2.786963450300168343e-01,2.242317381627427324e-03,4.865865221458937594e-03,1.534181732297233702e-01
8.327578227719643067e-01,0.000000000000000000e+00,2.644309297153754276e-02,1.658432175115703150e-02,1.242147625053411780e-01
6.772855021596937419e-01,2.752804912505109683e-02,1.585200694136642066e-02,1.339774761485634097e-02,2.659366941590324274e-01
7.793869897281142656e-01,0.000000000000000000e+00,1.732836709677577913e-02,1.526983152593995412e-02,1.880148116491701660e-01
7.652829409054849874e-01,0.000000000000000000e+00,1.524258418166866275e-02,1.584785489387922561e-02,2.036266200189672249e-01
9.487613630724810454e-01,0.000000000000000000e+00,3.202039306999324847e-02,1.921824385752584144e-02,0.000000000000000000e+00
7.164843600613507446e-01,0.000000000000000000e+00,1.558861231340589494e-02,1.680011965100663279e-02,2.511269079742367016e-01
6.696386111583522149e-01,1.031775368867651754e-01,1.441014061333893877e-02,1.061072634652161090e-02,2.021629849950220548e-01
7.249757448302898144e-01,0.000000000000000000e+00,2.539074727031846029e-02,9.378027572551262195e-03,2.402554803268405204e-01
7.795251817776194248e-01,0.000000000000000000e+00,1.895420214737995532e-02,1.531183021552311001e-02,1.862087858594775325e-01
6.597543411147611669e-01,0.000000000000000000e+00,2.122194750426794480e-02,8.292724733451342645e-03,3.107309866475197468e-01
7.672671825687604752e-01,0.000000000000000000e+00,2.384356015032387116e-02,1.554714714540190827e-02,1.933421101355136951e-01
6.232483448631119805e-01,0.000000000000000000e+00,3.162540412523904415e-02,5.860070247384318101e-03,3.392661807642646798e-01
5.679811655851489949e-01,2.373365972491508491e-01,1.353119143441740106e-02,5.381168246841166840e-03,1.757698774844416445e-01
7.338756761785109051e-01,0.000000000000000000e+00,1.913240989061119196e-02,1.442722685469908714e-02,2.325646870761788332e-01
7.797157841000228462e-01,0.000000000000000000e+00,1.349781235345580595e-02,1.786831087036514637e-02,1.889180926761561130e-01
8.239988631609022063e-01,1.393133212137403765e-01,2.334095879452649167e-02,1.334685683083089262e-02,0.000000000000000000e+00
5.345898861191481499e-01,3.094802141297054998e-01,3.933565260992853176e-03,3.540602963205853951e-03,1.484557315269476319e-01
7.524251364495933014e-01,4.147318623112578040e-02,2.661519288152726023e-02,1.056094559393161089e-02,1.689255388438220262e-01
6.918215943669272505e-01,0.000000000000000000e+00,2.002879859350863503e-02,1.382494294898713519e-02,2.743246640905768752e-01
7.417975336362919725e-01,5.781557371924175848e-02,2.018411447492489061e-02,1.370229314297471447e-02,1.665004850265666414e-01
8.724301189713484783e-01,0.000000000000000000e+00,1.882663889000311605e-02,1.799943047264046525e-02,9.074381166600803406e-02
5.756829187332259679e-01,3.490813136972973907e-01,5.695001079754107498e-04,3.048574094169333865e-03,7.161769336733180003e-02
7.240782239241982943e-01,0.000000000000000000e+00,2.575472230635302354e-02,1.385328908135102788e-02,2.363137646880976439e-01
7.765953620574083116e-01,1.171940116462173304e-01,1.825549075084585346e-02,1.266191316280256864e-02,7.529322238272603829e-02
5.414206463105479816e-01,0.000000000000000000e+00,3.098147878844739397e-02,6.326907051550132756e-03,4.212709678494546139e-01
8.778224230617048818e-01,0.000000000000000000e+00,2.154965194484673163e-02,1.538406931677431186e-02,8.524385567667397412e-02
5.802158507980962332e-01,2.853213722478640801e-01,5.632571218069875804e-03,5.428609431538672890e-03,1.234015963044309827e-01
7.315582524725406932e-01,0.000000000000000000e+00,2.695269324831638807e-02,1.292425441009939849e-02,2.285647998690434612e-01
8.076661361150578866e-01,1.365793104808570024e-01,2.145013383639337440e-02,1.505869268244049847e-02,1.924572688525110625e-02
6.347519758607069740e-01,2.058142695408065603e-01,9.181934242249474923e-03,7.848389063810808086e-03,1.424034312924261081e-01
7.000448292334091605e-01,0.000000000000000000e+00,3.229317713555879960e-02,9.755602934760226191e-03,2.579063906962718589e-01
5.929347785801486470e-01,2.650615401677950955e-01,5.680447374709574927e-03,5.793129032212110743e-03,1.305301048451346091e-01
7.596560205874867133e-01,0.000000000000000000e+00,2.681633267430275774e-02,1.345720882509935518e-02,2.000704379131112709e-01
7.676057812967532756e-01,0.000000000000000000e+00,2.838474506070942302e-02,1.023619531263492664e-02,1.937732783299023209e-01
7.101787715513345756e-01,0.000000000000000000e+00,2.158817009233202772e-02,1.337715268776132858e-02,2.548559056685719693e-01
7.901189000663596529e-01,0.000000000000000000e+00,3.031195806655634373e-02,1.567475289277944425e-02,1.638943889743046944e-01
7.609093586822076594e-01,0.000000000000000000e+00,1.756644392018127943e-02,9.785843618107954375e-03,2.117383537795032022e-01
6.180809480730676819e-01,8.308254873878076485e-02,1.808956051364803141e-02,7.318205880744586139e-03,2.734287367937590640e-01
7.391809819375426693e-01,0.000000000000000000e+00,2.342149289097620116e-02,1.175893221090980670e-02,2.256385929605713159e-01
7.130703423201972813e-01,9.427761618811726640e-02,6.938724398559973500e-03,1.235823496955465103e-02,1.733550821235708417e-01
7.461002149375081105e-01,0.000000000000000000e+00,3.095941910040055436e-02,1.152031157103236732e-02,2.114200543910589591e-01
7.093645457160907553e-01,0.000000000000000000e+00,2.454276910289111477e-02,1.106099808445491252e-02,2.550316870965632088e-01
6.286656991139004669e-01,3.560330801572962889e-01,1.004969825454061702e-02,5.251522474262590792e-03,0.000000000000000000e+00
7.158292310398294278e-01,0.000000000000000000e+00,2.811020449251591669e-02,1.220420074112162773e-02,2.438563637265329376e-01
8.245820691574072825e-01,0.000000000000000000e+00,2.819217559751301810e-02,1.437692666432190472e-02,1.328488285807578051e-01
6.513091271160416085e-01,0.000000000000000000e+00,1.694686496544818566e-02,1.178467256267720815e-02,3.199593353558329301e-01
7.478143515567469146e-01,1.636890432683006380e-01,4.453077685108776948e-04,1.500241482529978375e-02,7.304888258114169974e-02
6.258438095294129866e-01,2.842000825049452728e-01,1.014991548477357439e-02,8.335493710673888904e-03,7.147069877019429640e-02
5.351322491890210253e-01,3.120134083171037798e-01,4.409630338316009208e-03,3.220022401615726688e-03,1.452246897539435089e-01
6.676802723286832109e-01,2.942786953367729219e-01,3.799559999379791692e-03,1.017905839088831949e-02,2.406241394427574912e-02
7.870292001005574356e-01,1.657929686658453639e-01,8.200885917477114886e-03,1.554490594903236780e-02,2.343203936708770571e-02
7.064863772310444601e-01,1.805456977802995799e-01,0.000000000000000000e+00,1.378514700764959036e-02,9.918277798100653964e-02
6.567910732304067523e-01,2.746713586032664134e-01,7.027184688048216180e-03,6.482195062762804126e-03,5.502818841551589818e-02
5.077265493548455133e-01,4.661035633043589255e-01,6.435568767915102618e-04,2.323327970974638397e-03,2.320300249302940931e-02
7.979953111357450668e-01,0.000000000000000000e+00,4.467631194966263652e-02,9.739289823978942301e-03,1.475890870906133023e-01
8.260831781417918851e-01,0.000000000000000000e+00,2.496592540686578057e-02,1.796196174865385964e-02,1.309889347026885753e-01
6.339308830585380639e-01,2.457494205977335255e-01,9.857095836502668962e-03,4.953685894894409650e-03,1.055089146123314586e-01
6.684775718163333824e-01,3.185999321481633451e-01,0.000000000000000000e+00,1.103263400665543785e-02,1.889862028847997307e-03
5.406051867346320927e-01,0.000000000000000000e+00,3.387958943796832295e-02,4.557087209100552441e-03,4.209581366182990614e-01
6.732069918328779101e-01,2.970277511740735399e-01,5.905757207653077219e-03,1.148248984729536605e-02,1.237700993810005382e-02
7.009203714145740838e-01,0.000000000000000000e+00,2.708191577688596682e-02,1.106789760188193507e-02,2.609298152066580334e-01
8.105889694815374691e-01,0.000000000000000000e+00,2.300457770057336843e-02,1.665428190149415705e-02,1.497521709163949777e-01
6.366358494635484533e-01,2.359661299675542279e-01,9.772306715806675786e-03,1.059635942724202438e-02,1.070293544258485025e-01
7.130172798434931680e-01,0.000000000000000000e+00,3.052219335450823134e-02,1.273998256019082120e-02,2.437205442418078905e-01
9.187954536405404937e-01,0.000000000000000000e+00,2.636888314095466382e-02,1.765742699306580704e-02,3.717823622543917073e-02
6.484148827640220381e-01,2.190047784957684651e-01,4.178715928517244375e-03,8.133181364283967318e-03,1.202684414474083224e-01
9.089412673785605135e-01,0.000000000000000000e+00,3.414411247840558328e-02,2.035875398379914311e-02,3.655586615923463178e-02
8.085648352240984993e-01,0.000000000000000000e+00,2.151692013062521044e-02,1.543670185468855142e-02,1.544815427905878169e-01
7.279069838149057059e-01,0.000000000000000000e+00,2.030366813282225708e-02,1.297318570103443182e-02,2.388161623512376208e-01
8.368845204275394689e-01,0.000000000000000000e+00,2.538998911895929897e-02,1.799643138653170965e-02,1.197290590669695814e-01
7.545376543798707480e-01,0.000000000000000000e+00,2.318088063074650110e-02,1.438021754539104205e-02,2.079012474439916047e-01
7.680405190541060856e-01,0.000000000000000000e+00,2.092475670136014626e-02,1.492955917709489801e-02,1.961051650674387747e-01
7.582095892577078722e-01,0.000000000000000000e+00,2.466666338628677874e-02,1.410357972279159197e-02,2.030201676332136496e-01
6.761064137428578480e-01,0.000000000000000000e+00,2.318794521829789859e-02,1.120076785472472018e-02,2.895048731841195488e-01
6.919875686814016547e-01,6.726467620518541968e-02,2.289928048044535119e-02,1.043638648658734222e-02,2.074120881463802357e-01
6.335964313916808699e-01,0.000000000000000000e+00,2.586684615652591959e-02,9.859365916751619205e-03,3.306773565350417110e-01
6.421191707798930004e-01,0.000000000000000000e+00,2.500637407672707396e-02,8.419727039424371867e-03,3.244547281039557030e-01
5.627715595877804677e-01,6.487206349839859387e-02,2.687200746626830505e-02,0.000000000000000000e+00,3.454843694475525639e-01
7.455416136660949489e-01,3.933300291287117334e-02,2.098042622272079660e-02,1.161955093770881790e-02,1.825254062606042893e-01
5.736298902048601045e-01,2.029018300562527022e-01,9.846379779148770398e-03,4.779175546623066345e-03,2.088427244131154104e-01
7.686965120756285019e-01,0.000000000000000000e+00,2.756028730453612477e-02,1.360623119968907418e-02,1.901369694201463789e-01
6.029383673095124463e-01,6.819630257275946517e-02,2.012010683806457478e-02,8.949637560407298562e-03,2.997955857192563522e-01
6.126461637691228423e-01,0.000000000000000000e+00,3.043322341845742032e-02,6.923337577588629596e-03,3.499972752348310956e-01
7.669179768034416478e-01,0.000000000000000000e+00,5.489010403033666233e-03,1.950632971006489511e-02,2.080866830834597614e-01
7.138742298106370843e-01,0.000000000000000000e+00,2.583386791118850306e-02,1.185265030971720777e-02,2.484392519684572309e-01
8.291288892981190095e-01,0.000000000000000000e+00,1.717801863158968309e-02,1.489584511793124941e-02,1.387972469523601204e-01
8.305591818300595008e-01,0.000000000000000000e+00,2.327976725080427994e-02,1.500075381571243892e-02,1.311602971034237508e-01
8.401472777129790348e-01,0.000000000000000000e+00,2.591382864073222408e-02,1.537296428805873076e-02,1.185659293582299184e-01
7.604699898477106368e-01,0.000000000000000000e+00,2.052829931329280821e-02,1.390723234969424432e-02,2.050944784893022343e-01
7.722277594701336678e-01,1.469082092080212509e-01,6.340145503824432850e-03,1.526375712731105859e-02,5.926012869070957506e-02
9.521177381303315146e-01,0.000000000000000000e+00,3.048936084627605625e-02,1.739290102339251243e-02,0.000000000000000000e+00
7.466902668397293885e-01,0.000000000000000000e+00,2.914430392955277144e-02,1.197553709225760918e-02,2.121898921384602898e-01
7.307263472361621437e-01,1.559731932701986269e-02,1.912877243056516213e-02,1.303208659309265834e-02,2.215154744131601905e-01
6.570338309190469905e-01,0.000000000000000000e+00,2.221412852842900160e-02,8.889245239856284619e-03,3.118627953126676955e-01
7.557720507872111027e-01,0.000000000000000000e+00,2.929171222025191493e-02,1.461444293909036629e-02,2.003217940534466057e-01
6.136889416427520061e-01,0.000000000000000000e+00,3.326239325837515581e-02,5.367593788090684222e-03,3.476810713107820749e-01
6.140956032629135697e-01,1.993735961880029051e-01,6.164091452275512195e-03,1.062749219132400752e-02,1.697392169054840194e-01
6.145187466252290953e-01,0.000000000000000000e+00,1.900874888502132945e-02,9.828241683560215089e-03,3.566442628061892717e-01
7.782922616894992762e-01,0.000000000000000000e+00,2.343826233732634184e-02,1.408012581621249058e-02,1.841893501569618619e-01
6.875034563616663208e-01,2.462980024589003780e-01,0.000000000000000000e+00,1.376756044453972781e-02,5.243098073489359245e-02
5.945243985433444900e-01,0.000000000000000000e+00,2.760338188739845308e-02,1.022875121046841300e-02,3.676434683587887498e-01
7.605534121830410665e-01,0.000000000000000000e+00,1.924426292741993755e-02,1.658623782372695143e-02,2.036160870658121069e-01
8.354344554153418922e-01,0.000000000000000000e+00,1.123618175079093597e-02,1.723655377331372029e-02,1.360928090605535712e-01
6.921499739201375512e-01,2.130039005078599168e-01,2.454567829293056590e-04,1.115897853846474497e-02,8.344169025060836631e-02
8.154825240496421657e-01,0.000000000000000000e+00,2.814391325877343975e-02,1.616712432973135827e-02,1.402064383618528975e-01
6.277306025528348599e-01,0.000000000000000000e+00,2.422324307155780676e-02,7.514441366793112552e-03,3.405317130088143518e-01
8.792379064459451277e-01,0.000000000000000000e+00,1.985625309175883049e-02,1.812069138255357342e-02,8.278514907974234005e-02
7.698257281787124207e-01,1.463720179501078189e-01,6.237099494076295790e-03,1.393714967031323484e-02,6.362800470679035036e-02
6.424866326120920457e-01,3.344706132770531304e-01,1.786314173841657346e-02,5.179612372438299056e-03,0.000000000000000000e+00
8.070875785682153358e-01,3.142640446758573208e-02,1.620325284103584992e-02,1.526655048198375005e-02,1.300162136411792402e-01
5.784030563116542289e-01,2.979128039214041235e-01,0.000000000000000000e+00,7.981288790722466248e-03,1.157028509762191848e-01
8.595066378703205556e-01,0.000000000000000000e+00,1.990122952625318284e-02,1.980565056005752222e-02,1.007864820433686665e-01
7.457968739917537615e-01,6.321833511440003162e-02,1.130748469484783338e-02,1.482083687636567143e-02,1.648564693226326205e-01
6.859973212097395523e-01,1.910495195469908147e-01,1.005934186182300648e-02,1.081356394348264964e-02,1.020802534379639387e-01
8.317222143225173614e-01,0.000000000000000000e+00,2.324204859987026930e-02,1.674230746851913809e-02,1.282934296090932069e-01
7.554882433893627125e-01,1.164640646845401233e-03,1.258942755900254069e-02,1.369141529935113608e-02,2.170662731054381900e-01
7.255647319138242013e-01,1.186996616425601420e-01,3.201109979476319395e-02,9.435362504860664648e-03,1.142891441439917583e-01
7.449989458658505814e-01,2.341077617755108753e-01,9.109609546912532038e-03,1.178368281172607716e-02,0.000000000000000000e+00
6.488525005619368846e-01,1.779886327949637415e-01,1.714368202040357503e-02,1.056008855648976445e-02,1.454550960662061299e-01
6.804790495504488002e-01,1.823947940436342107e-03,3.030475249570674032e-02,1.155771393323652869e-02,2.758345360801716661e-01
7.517317461961804392e-01,0.000000000000000000e+00,2.782719105853383168e-02,1.031545331436338128e-02,2.101256094309223998e-01
9.015933186854584447e-01,0.000000000000000000e+00,2.168244576837196833e-02,1.751064826960614315e-02,5.921358727656344384e-02
7.459987382509032372e-01,0.000000000000000000e+00,2.319501760695488399e-02,1.049423157281373538e-02,2.203120125693280862e-01
7.766119399910748067e-01,0.000000000000000000e+00,2.088817762641807449e-02,1.466704071426353992e-02,1.878328416682434054e-01
6.002708750526766224e-01,0.000000000000000000e+00,3.542780065267073925e-02,4.279436168168175743e-03,3.600218881264845017e-01
5.864224124831790563e-01,2.645132005443749934e-01,0.000000000000000000e+00,8.313606529558396560e-03,1.407507804428875520e-01
7.860498084992350032e-01,0.000000000000000000e+00,2.365972222193784766e-02,1.224436298447565026e-02,1.780461062943514139e-01
7.505684184496899114e-01,0.000000000000000000e+00,2.656591252865952990e-02,1.355286016584963428e-02,2.093128088558009747e-01
5.568188349123326386e-01,2.160156017460554967e-01,1.486619551840433727e-02,3.504842064192899460e-03,2.087945257590146375e-01
6.825749403833248907e-01,0.000000000000000000e+00,2.962463533971395474e-02,1.290024645411828527e-02,2.749001778228428727e-01
7.901350120242264241e-01,1.686880823485019110e-01,2.003861206987188337e-02,1.235576209422378953e-02,8.782531463176005901e-03
5.658792298218903172e-01,2.881853416010318192e-01,0.000000000000000000e+00,5.521274065791053655e-03,1.404141545112866929e-01
8.484619017248298256e-01,1.184195724966265323e-01,1.678292680387000191e-02,1.633559897467394897e-02,0.000000000000000000e+00
7.401266728078631507e-01,9.067879998216156479e-02,6.765421773798051437e-03,1.241231907924916431e-02,1.500167863569281113e-01
8.521708630722708566e-01,0.000000000000000000e+00,2.171410175714067609e-02,1.790387028850385157e-02,1.082111648820845567e-01
8.751715525386671857e-01,0.000000000000000000e+00,2.976514232042348079e-02,1.722193971704564716e-02,7.784136542386360658e-02
7.307179322321646353e-01,0.000000000000000000e+00,9.023094324738972424e-03,1.484505705026958715e-02,2.454139163928267253e-01
7.717413722429382616e-01,1.988848118236816176e-01,1.380845571664774535e-02,1.556536021673235980e-02,0.000000000000000000e+00
6.805952728960045217e-01,3.208501023078300096e-02,2.583958813796897319e-02,1.206568614963867900e-02,2.494144425856047176e-01
7.256495017342148302e-01,9.078659279892360365e-03,1.914394350570503694e-02,1.290588800691715339e-02,2.332220074732704040e-01
5.904517669057993690e-01,0.000000000000000000e+00,2.483170932021423055e-02,9.054330754259551708e-03,3.756621930197269199e-01
5.846660549180292543e-01,0.000000000000000000e+00,2.529823293710241339e-02,1.150932261490553686e-02,3.785263895299627590e-01
7.928696648490686227e-01,0.000000000000000000e+00,3.046590007664880945e-02,1.615462425169622573e-02,1.605098108225863907e-01
6.643148967432698226e-01,3.128966637660329092e-02,2.044311063224892727e-02,7.941457772899066653e-03,2.760108684749789654e-01
6.799919610411698789e-01,0.000000000000000000e+00,1.832896825144822439e-02,1.316629499990983575e-02,2.885127757074720245e-01
7.141539078269639740e-01,1.101714755632583476e-01,1.288930511159876516e-02,1.179928610781943131e-02,1.509860253903593796e-01
5.825150347015705110e-01,2.320525997328206080e-01,4.957944982819569371e-03,7.368474600752808468e-03,1.731059459820364910e-01
8.060258346823601094e-01,0.000000000000000000e+00,2.544661177391530776e-02,1.399918458812007653e-02,1.545283689556044837e-01
7.020658947919433679e-01,2.303274346993218480e-01,9.122824574696040620e-03,1.147070156181053541e-02,4.701314437222820636e-02
5.481892479778341931e-01,1.281257421271653207e-01,0.000000000000000000e+00,4.435106321761862237e-03,3.192499035732388468e-01
8.806097975147301193e-01,0.000000000000000000e+00,3.173443819454275366e-02,1.735319582661485477e-02,7.030256846411220284e-02
7.260888983090325599e-01,2.512366302643148641e-01,7.429621966245255650e-03,1.524484946040736803e-02,0.000000000000000000e+00
7.296693572938972583e-01,9.950733637519861008e-02,1.232248814388396847e-02,1.376604529922101708e-02,1.447347728877990125e-01
8.647103411297329956e-01,0.000000000000000000e+00,2.484913733202685424e-02,1.754528021127079243e-02,9.289524132696928838e-02
9.563357115118013008e-01,0.000000000000000000e+00,2.369185326698939470e-02,1.997243522120933229e-02,0.000000000000000000e+00
7.694568446420883001e-01,0.000000000000000000e+00,2.095653593325619637e-02,1.327587358650329959e-02,1.963107458381520842e-01
7.632199094388550931e-01,0.000000000000000000e+00,2.433500309940060322e-02,1.245315959830496991e-02,1.999919278634392505e-01
5.648223849084970105e-01,1.675273733171070145e-01,4.987377217880375503e-03,8.079567483891100105e-03,2.545832970726246702e-01
6.971283172886517665e-01,2.532269001265814445e-01,3.740452158408600920e-03,1.204531586493189955e-02,3.385901456142626637e-02
5.491284226885151387e-01,2.293495062599173739e-01,1.524800879890351969e-03,4.429475208405764426e-03,2.155677949632713863e-01
5.767334381306449265e-01,3.017446790535440737e-01,0.000000000000000000e+00,5.684522986816409849e-03,1.158373598289946793e-01
7.014724517273528415e-01,0.000000000000000000e+00,3.526276695013951662e-02,1.033981955148834640e-02,2.529249617710191966e-01
6.362356020416857216e-01,1.399621271047653825e-01,7.437975799285759422e-03,9.897352914029327806e-03,2.064669421402337834e-01
9.428726949580129579e-01,0.000000000000000000e+00,1.632968229673810445e-02,2.054606295501364491e-02,2.025155979023519209e-02
6.462671406993431011e-01,0.000000000000000000e+00,2.254586384605855240e-02,9.722222137614007845e-03,3.214647733169844201e-01
6.223618536686749136e-01,1.775939836999500254e-01,3.860676636108591967e-03,9.985975628691839273e-03,1.861975103665747255e-01
7.016098268323119891e-01,2.029619924052468161e-01,1.179959185657651968e-02,1.340518087708982009e-02,7.022340802877488630e-02
7.655712611309506421e-01,0.000000000000000000e+00,2.061264974238470951e-02,1.574681310970527104e-02,1.980692760169595057e-01
8.058453720852584157e-01,0.000000000000000000e+00,1.845533654275463564e-02,1.699951420744432937e-02,1.586997771645425326e-01
6.026081977899552244e-01,1.408552716755094025e-01,1.608675780283850762e-02,8.966688576083703746e-03,2.314830841556131669e-01
7.697366841781495550e-01,0.000000000000000000e+00,2.236250636936867875e-02,1.739720528426086724e-02,1.905036041682208192e-01
6.212078097423329170e-01,3.352296874725659848e-01,0.000000000000000000e+00,7.942339322444863861e-03,3.562016346265621525e-02
9.395197179646087582e-01,0.000000000000000000e+00,3.639160204647418073e-02,1.974519147035034075e-02,4.343488518566539051e-03
8.142968653723408057e-01,0.000000000000000000e+00,2.394354662985910889e-02,1.528081149930304861e-02,1.464787764984971374e-01
6.859008141514857382e-01,6.780917816364612216e-02,1.348533579319984195e-02,1.244220562386199463e-02,2.203624662678063673e-01
8.775417879923652631e-01,0.000000000000000000e+00,2.229074581102020308e-02,1.803638432277917050e-02,8.213108187383538761e-02
7.466047040139606183e-01,0.000000000000000000e+00,3.649542932087447566e-02,1.005968841122309963e-02,2.068401782539417144e-01
4.344352460919811421e-01,1.244070038390459876e-01,1.893496012969654932e-02,2.268366709802302884e-04,4.219959532682960868e-01
6.938220028064925327e-01,0.000000000000000000e+00,2.026832276116966036e-02,1.020970672616473840e-02,2.756999677061730547e-01
9.584697053224980889e-01,0.000000000000000000e+00,1.982544461946684003e-02,2.170485005803509532e-02,0.000000000000000000e+00
8.499315039165841190e-01,0.000000000000000000e+00,2.836097089540883312e-02,1.302445350311764831e-02,1.086830716848894568e-01
8.367999661109782883e-01,0.000000000000000000e+00,1.868827408627942582e-02,1.557500461973664388e-02,1.289367551830056247e-01
7.218983145581397975e-01,1.907127182368366647e-01,1.264389456118514797e-03,1.401914933729285322e-02,7.210542841161213246e-02
8.663008098351003827e-01,0.000000000000000000e+00,2.709427248098756139e-02,1.706491088133054237e-02,8.954000680258140943e-02
6.576188076293421059e-01,0.000000000000000000e+00,2.843354489571978810e-02,7.209194479640836963e-03,3.067384529952971728e-01
6.299971460112364641e-01,0.000000000000000000e+00,3.187586897902466160e-02,7.447019178141251784e-03,3.306799658315976997e-01
7.639363277532018603e-01,7.951171446388642650e-02,2.205038427481235269e-02,1.129557857733163792e-02,1.232059949307676566e-01
8.191227406067824734e-01,1.510440089620226078e-01,1.349201952020717167e-02,1.634123091098763775e-02,0.000000000000000000e+00
9.016844773653568401e-01,1.212453767874958899e-02,3.173598002320453249e-02,1.507375420466335741e-02,3.938125072802572957e-02
8.785789595038936417e-01,0.000000000000000000e+00,1.851574250988302986e-02,1.605052475052137079e-02,8.685477323570200969e-02
8.205667512998581214e-01,0.000000000000000000e+00,2.643668868556954890e-02,1.539677686340232624e-02,1.375997831511701630e-01
7.344882400103683873e-01,5.698295593334973264e-02,1.439416436612319869e-02,1.089085138520001078e-02,1.832437883049585770e-01
8.381972831273235558e-01,0.000000000000000000e+00,2.496329570760373595e-02,1.758201647334357853e-02,1.192574046917290465e-01
7.946249551307738024e-01,0.000000000000000000e+00,2.699937493037596684e-02,1.523476859734711891e-02,1.631409013415031362e-01
8.419632476912192187e-01,5.944982517993601528e-02,2.623028014535455990e-02,1.716942283339150874e-02,5.518722415009873900e-02
7.565345598133480509e-01,7.990697999618920355e-02,1.818421527594693207e-02,1.235547244159365850e-02,1.330187724729222365e-01
8.884228661419805162e-01,7.564848508109311975e-02,2.050455101319967333e-02,1.542409776372664736e-02,0.000000000000000000e+00
6.697888033340556602e-01,0.000000000000000000e+00,2.536869274315927889e-02,1.123140563904231892e-02,2.936110982837428773e-01
7.547304910798934285e-01,1.369155789604128703e-01,1.613633180498448604e-03,1.576860230086407980e-02,9.097169447833128308e-02
8.226574183314504518e-01,0.000000000000000000e+00,2.703670291735049344e-02,1.470957589672301953e-02,1.355963028544760196e-01
6.675845443390105993e-01,3.167694007761880370e-01,5.885091595969462429e-03,9.760963288831865647e-03,0.000000000000000000e+00
7.069759011842502439e-01,0.000000000000000000e+00,2.510183773633234763e-02,1.239672000581224301e-02,2.555255410736050892e-01
7.310066088293802888e-01,6.449637603748682724e-02,1.690265910260414783e-02,1.443591451038573302e-02,1.731584415201429250e-01
5.737707001495681025e-01,1.818944255366433393e-01,7.011794439692666837e-03,7.414329904322980967e-03,2.299087499697729520e-01
6.511434278710963586e-01,3.323669777550397608e-01,2.357300954278537374e-03,1.003944100846744514e-02,4.092852411117944497e-03
7.393780427481813078e-01,0.000000000000000000e+00,2.037200037571128275e-02,1.399192017293515028e-02,2.262580367031723216e-01
6.433245928313848783e-01,2.990629234472242937e-01,5.021461427525793914e-03,1.036269383162897843e-02,4.222832846223614767e-02
6.704112785177661626e-01,0.000000000000000000e+00,2.018314126345031531e-02,1.093788055252583984e-02,2.984676996662576354e-01
7.424873578822633879e-01,1.709835400257176674e-01,0.000000000000000000e+00,1.542163023529358017e-02,7.110747185672541826e-02
7.511562349934717275e-01,1.395352477599075269e-01,1.213661308937064899e-02,1.285464666755024681e-02,8.431725748969981504e-02
7.190053658157916638e-01,0.000000000000000000e+00,2.549456030414040675e-02,1.308030289894154471e-02,2.424197709811262702e-01
6.305042651921028973e-01,8.883113758752493594e-02,1.464414696472338476e-02,1.047280771140681951e-02,2.555476425442421151e-01
7.975204190871633125e-01,9.730100007487299529e-02,7.577449798234514936e-03,1.848818363675728757e-02,7.911294740297197814e-02
5.624801564433263845e-01,3.170538084095835263e-01,0.000000000000000000e+00,8.214864910031894132e-03,1.122511702370580650e-01
8.491835707303666547e-01,2.089845939834397356e-02,3.219391026854232646e-02,1.351436764975185931e-02,8.420969195299507493e-02
7.936279914591265472e-01,0.000000000000000000e+00,2.114397106762220396e-02,1.707032812810332228e-02,1.681577093451479543e-01
5.210608011898090197e-01,3.770024748742550891e-01,0.000000000000000000e+00,3.986255830327886489e-03,9.795046810560806283e-02
6.042758560437945237e-01,0.000000000000000000e+00,2.843704967984312521e-02,5.378958638321165546e-03,3.619081356380411951e-01
7.467487485052405338e-01,0.000000000000000000e+00,2.541112402828815675e-02,1.044740471331808210e-02,2.173927227531532169e-01
6.369936345594631177e-01,1.668440872437930989e-01,1.403622959426777290e-02,7.697812992851866751e-03,1.744282356096241438e-01
6.312359593766192489e-01,0.000000000000000000e+00,3.930582002768225752e-02,5.933993918954332154e-03,3.235242266767441310e-01
5.380831139280183306e-01,2.122716745325942400e-01,2.634284094010292884e-02,1.476012997544417582e-03,2.218263576017399930e-01
7.852293628150142091e-01,0.000000000000000000e+00,1.759776808867904996e-02,1.179387941893317304e-02,1.853789896773735679e-01
6.322880466160234469e-01,0.000000000000000000e+00,3.970283879174002495e-02,5.553412192538723438e-03,3.224557023996979521e-01
8.397367834835083311e-01,0.000000000000000000e+00,2.341543179907596556e-02,1.827732084342824012e-02,1.185704638739875361e-01
7.734927759114331725e-01,2.459937357891395573e-02,3.244685449093824559e-02,1.173416547914028947e-02,1.577268305395743697e-01
7.330218091964659788e-01,0.000000000000000000e+00,2.649502499543852571e-02,1.219894253839444616e-02,2.282842232697011586e-01
6.552445221761191707e-01,1.940301387924449616e-01,1.645033073380098437e-02,9.407145914308358628e-03,1.248678623833264223e-01
6.547374499046624274e-01,0.000000000000000000e+00,2.071249880332145382e-02,8.209428786953382184e-03,3.163406225050628962e-01
5.902073384908839149e-01,0.000000000000000000e+00,2.229785529792420798e-02,5.346488321524137978e-03,3.821483178896677435e-01
6.634872345544434724e-01,2.832854094145783042e-01,0.000000000000000000e+00,1.278242687357367298e-02,4.044492915740462158e-02
7.198989364229414489e-01,2.466146970058166743e-02,1.508022645510952858e-02,1.162768739558779109e-02,2.287316800257794547e-01
6.131810227364817845e-01,3.237250654215723666e-01,0.000000000000000000e+00,8.963071467581001234e-03,5.413084037436489276e-02
8.211433881657396183e-01,0.000000000000000000e+00,1.944760993949061489e-02,1.725689321685505706e-02,1.421521086779147514e-01
7.342452059276711740e-01,0.000000000000000000e+00,3.325795511687665990e-02,1.264400792314245882e-02,2.198528310323097090e-01
5.302561095620093035e-01,4.169997701531351075e-01,0.000000000000000000e+00,5.856869935786464167e-04,5.215843329127703432e-02
7.771258417137013597e-01,0.000000000000000000e+00,3.179969282155536980e-02,1.652210946622552704e-02,1.745523559985177331e-01
8.351076688769540901e-01,0.000000000000000000e+00,3.588479754439816150e-02,1.434780133207255205e-02,1.146597322465752467e-01
4.702523264684450588e-01,0.000000000000000000e+00,2.612110761717144347e-02,5.546329577863772474e-03,4.980802363365195995e-01
8.771710327460736645e-01,7.596056139766553528e-02,2.011965715783725975e-02,1.847500380204815384e-02,8.273744896375424818e-03
6.446731819727357093e-01,1.572170150084461482e-01,1.525600074018788714e-02,7.605133126138961287e-03,1.752486691524913764e-01
9.137642026901030556e-01,0.000000000000000000e+00,2.641842913627582418e-02,1.877499581882597496e-02,4.104237235479529788e-02
6.821969972493441281e-01,0.000000000000000000e+00,1.870851440806284988e-02,1.318527200479254098e-02,2.859092163378004203e-01
7.342193207897516061e-01,0.000000000000000000e+00,1.456138974791485949e-02,1.354146299172133763e-02,2.376778264706123911e-01
8.400066881651426787e-01,0.000000000000000000e+00,2.707503777997564975e-02,1.605346867324434351e-02,1.168648053816372656e-01
5.304855266554143745e-01,3.334921243658693912e-01,0.000000000000000000e+00,2.010844164987905629e-03,1.340115048137284215e-01
6.707162432839728350e-01,0.000000000000000000e+00,1.946790534651365867e-02,1.178995555269720351e-02,2.980258958168163219e-01
6.457080546180723468e-01,6.820747125201546968e-02,2.192260108332602653e-02,7.739819183094742705e-03,2.564220538634914281e-01
6.754293863050331304e-01,3.077947551350630473e-01,3.503815236911661263e-03,9.806012453737357817e-03,3.466030869254983250e-03
6.894783736176086641e-01,0.000000000000000000e+00,2.355791321006988834e-02,8.014236095696188056e-03,2.789494770766253184e-01
6.418227526481283807e-01,0.000000000000000000e+00,1.620823600333205772e-02,9.851441615123076451e-03,3.321175697334164401e-01
8.141648607290745687e-01,3.781659231016158002e-02,1.969296091386883371e-02,1.619100632826619632e-02,1.121345797186288767e-01
6.256879876169865184e-01,0.000000000000000000e+00,2.471120692326990095e-02,7.683669344106451408e-03,3.419171361156371769e-01
7.259950810731068405e-01,6.570501838509001935e-02,1.745891666688265467e-02,1.172439712631965017e-02,1.791165867486008145e-01
6.076813973529090473e-01,2.906735768932481867e-01,1.450970179444210570e-02,6.621104141781099066e-03,8.051421981761942848e-02
5.437298766149830653e-01,4.199149343537161849e-02,1.814870305946279447e-02,7.149179042793453974e-03,3.889807478473891189e-01
8.922348113446438855e-01,0.000000000000000000e+00,2.033595960368057842e-02,1.812737608790552374e-02,6.930185296376990822e-02
7.105922741674249865e-01,0.000000000000000000e+00,1.426777929246403689e-02,1.539552011023412499e-02,2.597444264298769956e-01
8.342431931760994068e-01,0.000000000000000000e+00,1.622753241159036880e-02,1.906754490510724140e-02,1.304617295072028338e-01
6.623998162491293584e-01,0.000000000000000000e+00,2.722072796495406816e-02,7.724453401147570938e-03,3.026550023847689452e-01
7.062462178433291937e-01,0.000000000000000000e+00,5.337324235912298438e-03,1.385290417020776550e-02,2.745635537505506929e-01
8.107408332204041335e-01,5.073335494077847729e-02,1.574835201563070178e-02,1.533795319601188867e-02,1.074395066271746635e-01
6.325967488262214111e-01,1.973925051503492567e-01,0.000000000000000000e+00,7.528646990861993966e-03,1.624820990325672732e-01
7.308078165202902543e-01,0.000000000000000000e+00,4.006527467163673029e-02,9.749181487788732142e-03,2.193777273202843214e-01
7.754344435676849834e-01,0.000000000000000000e+00,2.859565323478000659e-02,1.191169472520808674e-02,1.840582084723268730e-01
8.991336247386962910e-01,0.000000000000000000e+00,2.587102450379139343e-02,2.082146015696574939e-02,5.417389060054650374e-02
5.716202310334537184e-01,0.000000000000000000e+00,2.032351911964598232e-02,9.591053454780182688e-03,3.984651963921201911e-01
8.719864464183527675e-01,0.000000000000000000e+00,2.172804076757660699e-02,1.754650469777621624e-02,8.873900811629435725e-02
7.494562944287490591e-01,1.020057759007100551e-01,1.696043008633353263e-02,1.299805639208178459e-02,1.185794431921255720e-01
6.559416922171191766e-01,2.453959833289857603e-02,1.702673878407127278e-02,8.458434247951665194e-03,2.940335364179593181e-01
6.161495224645398006e-01,2.596483763370802111e-01,4.030167794003120495e-03,6.048207278773838104e-03,1.141237261256030089e-01
6.254555967331294486e-01,3.633654845057890381e-01,6.530200861352403359e-03,4.648717899729129001e-03,0.000000000000000000e+00
5.667366576320631566e-01,9.076739577333058084e-02,1.545342475240137937e-02,8.604136973351435985e-03,3.184383848688535079e-01
8.795216179270957113e-01,0.000000000000000000e+00,2.153074439769967971e-02,1.930114692663719225e-02,7.964649074856754163e-02
7.440323967823149198e-01,0.000000000000000000e+00,2.508731755889963624e-02,1.382746383358580446e-02,2.170528218251995822e-01
8.555670860244792841e-01,0.000000000000000000e+00,2.871597140663369532e-02,1.724112385417382598e-02,9.847581871471328130e-02
5.670254830198450113e-01,2.578625629214959525e-01,0.000000000000000000e+00,1.047398425320916586e-02,1.646379698054498408e-01
8.106483113210739555e-01,0.000000000000000000e+00,2.789086165285833974e-02,1.435765497468561962e-02,1.471031720513821250e-01
6.611177927653399955e-01,0.000000000000000000e+00,2.746216759166256877e-02,9.820221268654925201e-03,3.015998183743425765e-01
7.222037474518024913e-01,1.954986545743146384e-02,2.380919688746406873e-02,1.654678533483645159e-02,2.178904048684654760e-01
7.321162571591209867e-01,0.000000000000000000e+00,1.294167082242914796e-02,1.486315999695131049e-02,2.400789120214985584e-01
8.291324608210751679e-01,0.000000000000000000e+00,1.946522450451299360e-02,1.802587333685498616e-02,1.333764413375568558e-01
7.774745846418569251e-01,1.947020417080184418e-01,1.661060936148696029e-02,1.121276428863754795e-02,0.000000000000000000e+00
9.136626482077848665e-01,0.000000000000000000e+00,2.215202750178452834e-02,1.763027934234005431e-02,4.655504494809039467e-02
8.205077130457844037e-01,0.000000000000000000e+00,2.444012584581591735e-02,1.718737698627164495e-02,1.378647841221280756e-01
8.653223653627853951e-01,0.000000000000000000e+00,1.610051430951326898e-02,1.890393924871001594e-02,9.967318107899124369e-02
7.547338936960878986e-01,9.256522482413495623e-02,2.378030871797955428e-02,1.471530779691997484e-02,1.142052649648776230e-01
4.575842362321987378e-01,3.458854376264516306e-01,0.000000000000000000e+00,2.803769249962375244e-03,1.937265568913871250e-01
7.237212319266627114e-01,0.000000000000000000e+00,2.244150120914104041e-02,1.244631597228124283e-02,2.413909508919150348e-01
5.334849166133466269e-01,8.574571636039320099e-02,0.000000000000000000e+00,8.649495467167174836e-03,3.721198715590929296e-01
7.725980185361668306e-01,0.000000000000000000e+00,2.122997291760099492e-02,1.511829971858794433e-02,1.910537088276441919e-01
8.814090026927385857e-01,0.000000000000000000e+00,1.210857373589140779e-02,1.802834026405347387e-02,8.845408330731660551e-02
7.440483167853824131e-01,1.666571072091623668e-02,2.248455620025353180e-02,1.478253555258405433e-02,2.020188807408636600e-01
8.607708320257556611e-01,0.000000000000000000e+00,3.221820455220963941e-02,1.597281791326453371e-02,9.103814550877024903e-02
5.080883219532497108e-01,4.587538356816794893e-01,0.000000000000000000e+00,5.781909136518047308e-04,3.257965145141894503e-02
8.204535159727258664e-01,8.716197416947955856e-02,1.367017779742658694e-02,1.566245952339572617e-02,6.305187253697233651e-02
6.032784389361005584e-01,0.000000000000000000e+00,2.668814510201388684e-02,8.246530594623250124e-03,3.617868853672623342e-01
7.459646092305539655e-01,0.000000000000000000e+00,2.366876603220770259e-02,1.317531946727347296e-02,2.171913052699649405e-01
7.567103924891999123e-01,9.728293749332077300e-02,2.246099853483826680e-02,1.194460568205244801e-02,1.116010658005886780e-01
9.536079414039760893e-01,0.000000000000000000e+00,2.310959606780075073e-02,2.328246252822316689e-02,0.000000000000000000e+00
