# DNRN, Denitrification, Anammox, Nitrite Oxidation, CaCO3 Dissolution 
8.384802918331512034e-01,0.000000000000000000e+00,7.945034533995516332e-03,1.681770207570451939e-02,1.367569715571487210e-01
9.610914877714060722e-01,0.000000000000000000e+00,1.424134064150476935e-02,2.466717158708921914e-02,0.000000000000000000e+00
7.895582551948233663e-01,0.000000000000000000e+00,4.015169691349108894e-03,1.672399162093913746e-02,1.897025834928882659e-01
7.280429586614327597e-01,0.000000000000000000e+00,1.118561270276526368e-02,1.458482831696429789e-02,2.461866003188375729e-01
6.923880260528698649e-01,0.000000000000000000e+00,1.294879625207901765e-02,1.345131910138603823e-02,2.812118585936650428e-01
9.683739331913837622e-01,0.000000000000000000e+00,5.632681426593109421e-03,2.599338538202309104e-02,0.000000000000000000e+00
9.093535831036744232e-01,0.000000000000000000e+00,5.097713336120753870e-03,1.966491373772916856e-02,6.588378982247568294e-02
8.211835632688982978e-01,0.000000000000000000e+00,3.419956931116983033e-03,1.992785629555654872e-02,1.554686235044281661e-01
6.759893102128632369e-01,1.079131039697426020e-01,0.000000000000000000e+00,1.190208485777775882e-02,2.041955009596164161e-01
8.841444341441523358e-01,0.000000000000000000e+00,2.417915756126702998e-03,2.091117836869122934e-02,9.252647173102965250e-02
9.475362731133526450e-01,2.379421086126438933e-02,7.790037729548384034e-03,2.087947829583457204e-02,0.000000000000000000e+00
9.752268327313368124e-01,0.000000000000000000e+00,0.000000000000000000e+00,2.477316726866329519e-02,0.000000000000000000e+00
9.111151803814356853e-01,0.000000000000000000e+00,3.865715973234602320e-03,2.738243718421299461e-02,5.763666646111673120e-02
9.159353528416869228e-01,0.000000000000000000e+00,5.823915935612590696e-03,1.933839178868843392e-02,5.890233943401213673e-02
9.132384876638012239e-01,0.000000000000000000e+00,1.040200065193576037e-02,2.133609996671104528e-02,5.502341171755199822e-02
9.675577374677836184e-01,0.000000000000000000e+00,1.319018110501295887e-02,1.925208142720341922e-02,0.000000000000000000e+00
9.097637754759628770e-01,0.000000000000000000e+00,1.642642202956201558e-02,1.771185364090431882e-02,5.609794885357077820e-02
8.763282832691074997e-01,9.698815127874291231e-02,1.040819730340311958e-02,1.627536814874636778e-02,0.000000000000000000e+00
9.548107757312092048e-01,0.000000000000000000e+00,2.460006751462466904e-02,2.058915675416609845e-02,0.000000000000000000e+00
9.126262579563418909e-01,0.000000000000000000e+00,0.000000000000000000e+00,2.636678014486193433e-02,6.100696189879603604e-02
8.302658948006894635e-01,1.521030071522168903e-01,8.884250361689489993e-04,1.674267301092471211e-02,0.000000000000000000e+00
9.539343492484486653e-01,0.000000000000000000e+00,1.274852108392229670e-02,2.127100184850692216e-02,1.204612781912198401e-02
8.162026408818980894e-01,0.000000000000000000e+00,6.012783212142859546e-03,2.105763859870931481e-02,1.567269373072496808e-01
8.630722854496195584e-01,0.000000000000000000e+00,8.655576610669790671e-03,2.008219536271432099e-02,1.081899425769964895e-01
9.306654651444582482e-01,0.000000000000000000e+00,1.315558439489333993e-02,2.184195577354483206e-02,3.433699468710357805e-02
9.689740634185985968e-01,0.000000000000000000e+00,8.157425487224685343e-03,2.286851109417678204e-02,0.000000000000000000e+00
8.653989750151931393e-01,0.000000000000000000e+00,1.091911053406135687e-02,2.254990727327366162e-02,1.011320071774717416e-01
8.692811929432221474e-01,0.000000000000000000e+00,1.395823733350657833e-02,2.001610713287886589e-02,9.674446259039232165e-02
8.779026135712209022e-01,0.000000000000000000e+00,1.016876337539225628e-02,2.278851442291416132e-02,8.914010863047268363e-02
8.449789719240243802e-01,2.445884502407629293e-02,1.413515643317464140e-02,1.596717371639310226e-02,1.004598529023316422e-01
8.366208671459656188e-01,0.000000000000000000e+00,1.414767476344546381e-02,1.866953145593255869e-02,1.305619266346564333e-01
8.658177816072090138e-01,0.000000000000000000e+00,2.718156683386452246e-03,2.215835354413595026e-02,1.093057081652685364e-01
7.647993639667538535e-01,1.484317356026752521e-01,8.683605930493032074e-03,1.279273959482079073e-02,6.529255490525701089e-02
9.686895727503737064e-01,0.000000000000000000e+00,5.262920086955126184e-03,2.604750716267119695e-02,0.000000000000000000e+00
9.318545858544232674e-01,4.458929968602583921e-02,0.000000000000000000e+00,2.355611445955101482e-02,0.000000000000000000e+00
9.087575032251770102e-01,0.000000000000000000e+00,2.028821030452885449e-02,1.994077438730465501e-02,5.101351208298953582e-02
9.634489731932139867e-01,0.000000000000000000e+00,1.732156067274916861e-02,1.922946613403704597e-02,0.000000000000000000e+00
9.737287891141107599e-01,0.000000000000000000e+00,1.055584944274861464e-03,2.521562594161454174e-02,0.000000000000000000e+00
9.746747019178820803e-01,0.000000000000000000e+00,3.729799229102796852e-03,2.159549885301509028e-02,0.000000000000000000e+00
9.596699157772101696e-01,0.000000000000000000e+00,1.679057135544648194e-02,2.054667833204470995e-02,2.992834535298781636e-03
7.878916313976931374e-01,1.736406439862406004e-01,0.000000000000000000e+00,1.153619411451765019e-02,2.693153050154872830e-02
8.521619315785716742e-01,0.000000000000000000e+00,1.041838155889620796e-02,2.298263300244393278e-02,1.144370538600883169e-01
7.840198272869688401e-01,3.554629410732382949e-02,0.000000000000000000e+00,1.546324527229976306e-02,1.649706333334076958e-01
8.773482962651543149e-01,0.000000000000000000e+00,0.000000000000000000e+00,2.090067275745849384e-02,1.017510309773872745e-01
9.691083261025192908e-01,0.000000000000000000e+00,6.404535765438583439e-03,2.448713813204195580e-02,0.000000000000000000e+00
8.086344523400108564e-01,8.664675998895050857e-02,0.000000000000000000e+00,1.674552862398004729e-02,8.797325904705870225e-02
8.510795966549190572e-01,0.000000000000000000e+00,9.988096092515268143e-03,1.788533210252323327e-02,1.210469751500425212e-01
9.431634362945353622e-01,0.000000000000000000e+00,8.879792776946995522e-03,2.216448603230072173e-02,2.579228489621688408e-02
9.381835741650350613e-01,2.709608411461612160e-02,7.672579264858951295e-03,2.704776245548998204e-02,0.000000000000000000e+00
9.275759609680269691e-01,7.552830740588715314e-03,7.831366534457907813e-03,2.113393442989012702e-02,3.590590732703610732e-02
9.326018371331821211e-01,0.000000000000000000e+00,1.105687862099135124e-02,1.865335607763624753e-02,3.768792816819022812e-02
8.694683242251664002e-01,0.000000000000000000e+00,2.733965295834695376e-03,2.174666193185081572e-02,1.060510485471480718e-01
9.026748922178212675e-01,0.000000000000000000e+00,1.606547875180582702e-02,1.931353693672236901e-02,6.194609209365056768e-02
8.742343459870108857e-01,0.000000000000000000e+00,3.432340849044291774e-03,1.880576985715331356e-02,1.035275433067915640e-01
9.697395797323892230e-01,0.000000000000000000e+00,5.467210465587950263e-03,2.479320980202278160e-02,0.000000000000000000e+00
9.675136894372788898e-01,0.000000000000000000e+00,1.166212613148227654e-02,2.082418443123891169e-02,0.000000000000000000e+00
8.548917488124543329e-01,1.147122822768415207e-01,1.656340154796344735e-02,1.383256736274056029e-02,0.000000000000000000e+00
9.608936235346154930e-01,0.000000000000000000e+00,1.586231342152386731e-02,2.324406304386066047e-02,0.000000000000000000e+00
9.390551203073396191e-01,0.000000000000000000e+00,8.614662611478127174e-03,2.798760184581680285e-02,2.434261523536552368e-02
8.481483158731246697e-01,0.000000000000000000e+00,1.137253602111328032e-02,1.712318895969438051e-02,1.233559591460677146e-01
7.989538605706664187e-01,0.000000000000000000e+00,7.752000029421613793e-03,2.015660536993435156e-02,1.731375340299775301e-01
9.486095866697987766e-01,0.000000000000000000e+00,1.959134947525584952e-02,1.966752641381036906e-02,1.213153744113489030e-02
8.723297103397178454e-01,0.000000000000000000e+00,4.680211310695518885e-03,2.445989680399418553e-02,9.853018154559232966e-02
7.494234491929725461e-01,1.503994146868804227e-01,4.396170912371094933e-03,1.345826383688606027e-02,8.232270137088992801e-02
8.682305630536045760e-01,0.000000000000000000e+00,8.953533357902668938e-03,1.786713610627298915e-02,1.049487674822197347e-01
8.940857304972690267e-01,8.390737786558905009e-02,8.692903607987939379e-04,2.113760127634313132e-02,0.000000000000000000e+00
8.229941133610980675e-01,0.000000000000000000e+00,2.091463816330157294e-02,1.407083185393574916e-02,1.420204166216648134e-01
9.669328850454497193e-01,0.000000000000000000e+00,7.982658805908203134e-03,2.508445614864207932e-02,0.000000000000000000e+00
7.432588887009399237e-01,0.000000000000000000e+00,1.155017597452168143e-02,1.632010513485394193e-02,2.288708301896845154e-01
7.977583527045654099e-01,0.000000000000000000e+00,8.131593985730383931e-03,1.790847392682807029e-02,1.762015793828760890e-01
9.606059268366377024e-01,0.000000000000000000e+00,1.272027414310568198e-02,2.282921184359692005e-02,3.844587176659522085e-03
9.636027244726422802e-01,0.000000000000000000e+00,1.625645313528969668e-02,2.014082239206797104e-02,0.000000000000000000e+00
8.873377488139497782e-01,9.043164641045237095e-02,2.321644031678363369e-03,1.990896074391940163e-02,0.000000000000000000e+00
9.006720663221532419e-01,0.000000000000000000e+00,5.826783677221485797e-03,1.972864542153761336e-02,7.377250457908771097e-02
9.674031910071352325e-01,0.000000000000000000e+00,1.251184256109938095e-02,2.008496643176535534e-02,0.000000000000000000e+00
9.295284744996806792e-01,0.000000000000000000e+00,0.000000000000000000e+00,2.397349316208678000e-02,4.649803233823247839e-02
7.833401752000086482e-01,0.000000000000000000e+00,3.290244120868987023e-04,1.885023085381774474e-02,1.974805695340866585e-01
9.639939847167023901e-01,0.000000000000000000e+00,1.963224050683520447e-02,1.637377477646239504e-02,0.000000000000000000e+00
9.628314062268601425e-01,0.000000000000000000e+00,1.810427552702409751e-02,1.906431824611560036e-02,0.000000000000000000e+00
8.881247373582268345e-01,0.000000000000000000e+00,4.010017195278638147e-03,2.057034401546174729e-02,8.729490143103280086e-02
9.766317534361236286e-01,0.000000000000000000e+00,3.810272843995469397e-03,1.955797371988088687e-02,0.000000000000000000e+00
9.528636239056504920e-01,1.717577625646790271e-02,5.034744458139126314e-03,2.492585537974243565e-02,0.000000000000000000e+00
8.886045212349670264e-01,0.000000000000000000e+00,6.708496487235467674e-03,2.027201925661479415e-02,8.441496302118267625e-02
9.663191478546527824e-01,0.000000000000000000e+00,8.891328343905182535e-03,2.333389239046689337e-02,1.455631410975150378e-03
9.644734434460905392e-01,0.000000000000000000e+00,1.121322868579913146e-02,2.431332786811019400e-02,0.000000000000000000e+00
8.310284110579311267e-01,0.000000000000000000e+00,9.146059490826908417e-03,1.981628353685798566e-02,1.400092459143840173e-01
9.206744442023103714e-01,0.000000000000000000e+00,1.296937685980101111e-02,1.946959372628010929e-02,4.688658521160844750e-02
8.196466814035586745e-01,1.594201048333150350e-01,5.938115952046425956e-03,1.499509781107983240e-02,0.000000000000000000e+00
7.414765227636613831e-01,1.060279872812804752e-01,8.409550432757527741e-03,1.465143927731559284e-02,1.294345002449851234e-01
7.467812846391418402e-01,1.952399263606995339e-01,0.000000000000000000e+00,1.420538015504667004e-02,4.377340884511188995e-02
8.340854787436452478e-01,8.372786060851747370e-02,1.095329049122532178e-02,1.382385770188019822e-02,5.740951245473160935e-02
9.745088838278057608e-01,0.000000000000000000e+00,3.033431352420725910e-03,2.245768481977358094e-02,0.000000000000000000e+00
9.642477336992124615e-01,0.000000000000000000e+00,6.125654547494720908e-03,2.647640530569424916e-02,3.150206447598614436e-03
7.689196432295156702e-01,1.423284214959841809e-01,1.030343786939345255e-03,1.079134876264532111e-02,7.693024272491545690e-02
7.325678292513130296e-01,0.000000000000000000e+00,1.541852229900279392e-03,1.803127985499589081e-02,2.478590386637910259e-01
7.994640863139224063e-01,1.291528490854401690e-01,8.132000857180882170e-03,1.595907376584854501e-02,4.729198997760806350e-02
8.328400077108767396e-01,0.000000000000000000e+00,1.696000294112051318e-02,1.579642531757959392e-02,1.344035640304231671e-01
9.240714293069670626e-01,0.000000000000000000e+00,8.502303821207176163e-03,2.308444671810374813e-02,4.434182015372199054e-02
8.309654746796329983e-01,9.026938539448027543e-02,1.160147019420385180e-02,1.447021079389339618e-02,5.269345893778941414e-02
9.718095904204684388e-01,0.000000000000000000e+00,2.823388623247241928e-04,2.790807071720682875e-02,0.000000000000000000e+00
9.696558286782492875e-01,0.000000000000000000e+00,6.647886164405193872e-03,2.369628515734537033e-02,0.000000000000000000e+00
9.610950132116181654e-01,0.000000000000000000e+00,1.181618747809143159e-02,2.394598804217248217e-02,3.142811268117952014e-03
7.623987645502984245e-01,1.345807883959399265e-01,0.000000000000000000e+00,1.784647130443098653e-02,8.517397574933067983e-02
9.015299053217540326e-01,0.000000000000000000e+00,1.051054827810104370e-02,1.808350891334837077e-02,6.987603748679657722e-02
8.177381767127239742e-01,0.000000000000000000e+00,1.142916310778240019e-02,1.797859275131044945e-02,1.528540674281831102e-01
8.717375150179849097e-01,0.000000000000000000e+00,1.065045792250732259e-02,2.107071389386701299e-02,9.654131316564076859e-02
8.330204426607052959e-01,0.000000000000000000e+00,2.943073068669716658e-03,2.135708878312433945e-02,1.426793954875006654e-01
7.068310900292540389e-01,7.039988783785169901e-02,1.814166969457016443e-02,7.857697329699651553e-03,1.967696551086244305e-01
8.893579924401707748e-01,0.000000000000000000e+00,6.559520591237578101e-03,2.252335122004828216e-02,8.155913574854332937e-02
8.369206831279119019e-01,5.869461353682547955e-03,9.163399858309346363e-03,2.027972777731083809e-02,1.277667278827853137e-01
8.435532266447071104e-01,0.000000000000000000e+00,0.000000000000000000e+00,2.292011594340487290e-02,1.335266574118879057e-01
8.796326118693317264e-01,1.022867171967021260e-01,0.000000000000000000e+00,1.808067093396620653e-02,0.000000000000000000e+00
8.987975918346504667e-01,0.000000000000000000e+00,0.000000000000000000e+00,2.439584806431112016e-02,7.680656010103836806e-02
9.375506248647345053e-01,0.000000000000000000e+00,1.384968196627447447e-02,1.985232617358819590e-02,2.874736699540269419e-02
9.312121251207948758e-01,0.000000000000000000e+00,1.475433292812435189e-02,2.259885286741309188e-02,3.143468908366752607e-02
8.656750671183822687e-01,0.000000000000000000e+00,2.948400966733663066e-03,1.738179791511694147e-02,1.139947339997671172e-01
8.489063180401964503e-01,0.000000000000000000e+00,1.719583097745202779e-02,1.861437359439712530e-02,1.152834773879542613e-01
9.497611569506467788e-01,0.000000000000000000e+00,1.648491783757968787e-02,2.358413331148052905e-02,1.016979190029302337e-02
9.196477407773095969e-01,5.051394602671529371e-02,8.042534714691431524e-03,2.179577848128382705e-02,0.000000000000000000e+00
7.921813576100513732e-01,1.896246327414393140e-01,3.060007442871327723e-03,1.513400220563804015e-02,0.000000000000000000e+00
7.944520992067048981e-01,1.743512674417528885e-01,0.000000000000000000e+00,1.470435050989398265e-02,1.649228284164827238e-02
9.433632836183070136e-01,0.000000000000000000e+00,4.072729815743392733e-03,1.907835317536723044e-02,3.348563339058232419e-02
8.375802709953795722e-01,0.000000000000000000e+00,2.052223449487389564e-02,1.736006800012947909e-02,1.245374265096171607e-01
8.678250586587351600e-01,4.726528798342313764e-02,5.676136286010859258e-05,2.141664535355423948e-02,6.343624664142745451e-02
9.373136482909258937e-01,0.000000000000000000e+00,7.026858030800201341e-03,2.306501877201022274e-02,3.259447490626377064e-02
9.662431932465477269e-01,0.000000000000000000e+00,1.255526394800344191e-02,2.115100043702140484e-02,5.054236842754445910e-05
9.615910659531712312e-01,0.000000000000000000e+00,1.626214411701596557e-02,2.214678992981283442e-02,0.000000000000000000e+00
9.738142018646214204e-01,0.000000000000000000e+00,1.047816533366284540e-03,2.513798160201233256e-02,0.000000000000000000e+00
9.324003708307049276e-01,0.000000000000000000e+00,0.000000000000000000e+00,2.311679616497421333e-02,4.448283300432079312e-02
6.863220294663691101e-01,0.000000000000000000e+00,4.284955990246807310e-03,1.533059506556119778e-02,2.940624194778229672e-01
8.867282002616132530e-01,8.387187306002204246e-02,1.440051043332571910e-02,1.499941624503905654e-02,0.000000000000000000e+00
9.551476789906354625e-01,1.406218926624650672e-02,3.377183681178002207e-03,2.333032727836780937e-02,4.082620783572104249e-03
8.974786597205925975e-01,7.829889921763868998e-02,8.773179244206681660e-03,1.544926181756189898e-02,0.000000000000000000e+00
9.672815228343353278e-01,0.000000000000000000e+00,1.071796356233779487e-02,2.200051360332679409e-02,0.000000000000000000e+00
9.183899025991852927e-01,0.000000000000000000e+00,1.202430663651175673e-02,2.210852718137389442e-02,4.747726358292909954e-02
8.528884584237489408e-01,0.000000000000000000e+00,3.231216215827312048e-03,1.978312435700086899e-02,1.240972010034229744e-01
9.652682650890122007e-01,0.000000000000000000e+00,1.103618892111484125e-02,2.369554598987277244e-02,0.000000000000000000e+00
9.131429484758559756e-01,0.000000000000000000e+00,0.000000000000000000e+00,2.177993580331239604e-02,6.507711572083171858e-02
9.667561861051425787e-01,0.000000000000000000e+00,6.844382478388024056e-03,2.639943141646936345e-02,0.000000000000000000e+00
8.204727259016338925e-01,0.000000000000000000e+00,4.692141693247824964e-03,1.666984262852951038e-02,1.581652897765887522e-01
8.099816624304828627e-01,0.000000000000000000e+00,1.043907364082036042e-02,1.900352802098339428e-02,1.605757359077134849e-01
9.647601626053068369e-01,0.000000000000000000e+00,1.401295204479618452e-02,1.760544634458631463e-02,3.621439005310629275e-03
6.784622909814715941e-01,1.233210097228090857e-01,0.000000000000000000e+00,8.470452925241810094e-03,1.897462463704776836e-01
8.747121502419993311e-01,0.000000000000000000e+00,1.012187821926634895e-02,1.946215041052411915e-02,9.570382112821013143e-02
7.967041475197026434e-01,1.912676077932746743e-01,0.000000000000000000e+00,1.202824468702262499e-02,0.000000000000000000e+00
8.864687662214918440e-01,6.866200874438652124e-02,0.000000000000000000e+00,1.946464787983697570e-02,2.540457715428472152e-02
8.692039366939039446e-01,0.000000000000000000e+00,1.264344870611155969e-02,1.807765521548038851e-02,1.000749593845040586e-01
8.657278066322492416e-01,6.803321925750871989e-03,1.445373878195673790e-02,2.007180799518511194e-02,9.294332466485802358e-02
7.990270707858811994e-01,0.000000000000000000e+00,1.621300292164350870e-02,1.370960193552910392e-02,1.710503243569462539e-01
8.805542670013326578e-01,7.494331566655365595e-02,9.042065867790142000e-03,1.931549997977923677e-02,1.614485148454431959e-02
8.085082050601919423e-01,0.000000000000000000e+00,2.607475366901141137e-02,1.750562592059985365e-02,1.479114153501966122e-01
8.601883254220784591e-01,0.000000000000000000e+00,6.936651270551282174e-03,2.207607881543149908e-02,1.107989444919388888e-01
9.327463439201348905e-01,0.000000000000000000e+00,0.000000000000000000e+00,2.430142602005593358e-02,4.295223005980924880e-02
9.162753826440995786e-01,0.000000000000000000e+00,8.371520726293728634e-03,2.239811633541512539e-02,5.295498029419151015e-02
9.037420367942757826e-01,0.000000000000000000e+00,1.669102377324137992e-02,1.749510538104005405e-02,6.207183405144269667e-02
9.171840431961956197e-01,0.000000000000000000e+00,0.000000000000000000e+00,2.412018616390119302e-02,5.869577063990315258e-02
9.647559837250313519e-01,0.000000000000000000e+00,1.646329998466080149e-02,1.878071629030792639e-02,0.000000000000000000e+00
8.071691580031424840e-01,0.000000000000000000e+00,1.131847545560582882e-02,1.837128208816872846e-02,1.631410844530829241e-01
8.197053052602522039e-01,0.000000000000000000e+00,4.559348372179846797e-04,1.798151029900182940e-02,1.618572496035279862e-01
7.094631822247944308e-01,1.926386342221760722e-02,1.475519757060062692e-02,1.129008040526429182e-02,2.452276763771229495e-01
9.096657915430634844e-01,0.000000000000000000e+00,1.572707177946528617e-02,2.418540470572679707e-02,5.042173197174417559e-02
7.886372828945881208e-01,0.000000000000000000e+00,1.781968330924336638e-02,1.547109869608941438e-02,1.780719351000791539e-01
8.807574403913421834e-01,0.000000000000000000e+00,3.900043243797903479e-03,2.119128277567952287e-02,9.415123358918042751e-02
9.627667928040647416e-01,0.000000000000000000e+00,1.800343227941150065e-02,1.922977491652376469e-02,0.000000000000000000e+00
9.516954048127287402e-01,0.000000000000000000e+00,6.798813848023398804e-03,2.086902441608099942e-02,2.063675692316695523e-02
9.752960477829154540e-01,0.000000000000000000e+00,0.000000000000000000e+00,2.470395221708468134e-02,0.000000000000000000e+00
9.098481093830074196e-01,0.000000000000000000e+00,4.975458147496430311e-03,2.330819841930889882e-02,6.186823405018729294e-02
9.192449014346778524e-01,1.131450855288525757e-02,0.000000000000000000e+00,2.243166143954213390e-02,4.700892857289471621e-02
9.718757947948923892e-01,0.000000000000000000e+00,4.981515345998389389e-03,2.314268985910909043e-02,0.000000000000000000e+00
9.755644954480072739e-01,0.000000000000000000e+00,0.000000000000000000e+00,2.443550455199275731e-02,0.000000000000000000e+00
8.705307694804851337e-01,0.000000000000000000e+00,9.960856212521452396e-03,1.815324258530797916e-02,1.013551317216854764e-01
7.870854958131232593e-01,1.932779809144390959e-01,5.738599036291153720e-03,1.389792423614654576e-02,0.000000000000000000e+00
9.472893705179697976e-01,0.000000000000000000e+00,0.000000000000000000e+00,2.214145701117578233e-02,3.056917247085446168e-02
7.946294100612372180e-01,0.000000000000000000e+00,1.643705207767564777e-02,1.735187903726655850e-02,1.715816588238205653e-01
8.293390043646544640e-01,0.000000000000000000e+00,9.517946520031551894e-03,2.055925028764286899e-02,1.405837988276711636e-01
8.664396091452234439e-01,0.000000000000000000e+00,4.674059819516773392e-03,2.123893423213486786e-02,1.076473968031248507e-01
9.253028681532180499e-01,0.000000000000000000e+00,4.714002978348569815e-03,2.153650002250730167e-02,4.844662884592600138e-02
6.451338144164201482e-01,0.000000000000000000e+00,1.704913941444052145e-02,1.282441511498019424e-02,3.249926310541592644e-01
9.422788470217398071e-01,0.000000000000000000e+00,1.011193274425370436e-02,2.610321529806243490e-02,2.150600493594409870e-02
8.070769396550941943e-01,1.734113579278679096e-01,1.976072038753272885e-03,1.753563037828477847e-02,0.000000000000000000e+00
9.020574591822843047e-01,0.000000000000000000e+00,1.667042919126100623e-03,2.233706922018404220e-02,7.393842867840544342e-02
9.590409628970686384e-01,0.000000000000000000e+00,1.604771208999744439e-03,2.544903347716894956e-02,1.390523241676271463e-02
9.368099314333254712e-01,0.000000000000000000e+00,1.631306683701721355e-02,2.163727630172344180e-02,2.523972542793400178e-02
8.107819770297538531e-01,0.000000000000000000e+00,4.816862799633311702e-03,1.859238001668332696e-02,1.658087801539294137e-01
8.877350249185440578e-01,8.394872967543212661e-02,9.120623261691992306e-03,1.919562214433175387e-02,0.000000000000000000e+00
8.712776681086238373e-01,0.000000000000000000e+00,1.095951418696286019e-02,1.605626561612129993e-02,1.017065520882920598e-01
8.365747742150162480e-01,8.192236624987708771e-02,0.000000000000000000e+00,1.894875492369868172e-02,6.255410461140797906e-02
9.083356265472587454e-01,0.000000000000000000e+00,4.257692113635015013e-03,2.374165427362875946e-02,6.366502706547733093e-02
8.876091013061335744e-01,0.000000000000000000e+00,1.095668921383008421e-02,1.905343294910354437e-02,8.238077653093282826e-02
9.308248630932753898e-01,3.708231563687215682e-02,9.008775424846423782e-03,2.308404584500610077e-02,0.000000000000000000e+00
9.599094898278077714e-01,0.000000000000000000e+00,6.914054130924855365e-03,2.409458118142115968e-02,9.081874859846026174e-03
7.864701766118457060e-01,0.000000000000000000e+00,1.020378772613558457e-02,1.632206891255404482e-02,1.870039667494646785e-01
7.595190675431808813e-01,0.000000000000000000e+00,5.977474365143399873e-03,1.731561131299352504e-02,2.171878467786821643e-01
9.484315141868637777e-01,2.450622987580501969e-02,3.769040759164116530e-03,2.329321517816704615e-02,0.000000000000000000e+00
8.968630649567722601e-01,0.000000000000000000e+00,3.269419791063928743e-03,2.002014215526370933e-02,7.984737309690020934e-02
8.759132848901135526e-01,1.443472878168647507e-02,0.000000000000000000e+00,1.880823071392280152e-02,9.084375561427714130e-02
8.457080521378491644e-01,0.000000000000000000e+00,0.000000000000000000e+00,2.377075810796416139e-02,1.305211897541866950e-01
9.614908879428154531e-01,0.000000000000000000e+00,1.425528801137217888e-02,2.425382404581240270e-02,0.000000000000000000e+00
7.792081630570416584e-01,1.974770224158675369e-01,0.000000000000000000e+00,1.278885112147829309e-02,1.052596340561263825e-02
9.673194871701114028e-01,0.000000000000000000e+00,5.597774966752139085e-03,2.708273786313649886e-02,0.000000000000000000e+00
7.819467961123642841e-01,7.958873624415704895e-02,0.000000000000000000e+00,2.016604918116379069e-02,1.182984184623148000e-01
7.528588943264628019e-01,0.000000000000000000e+00,2.767038452833763852e-03,1.907465230278230367e-02,2.252994149179212147e-01
8.591035548574122993e-01,1.243202941578947229e-01,3.715827733487384651e-03,1.286032325120555798e-02,0.000000000000000000e+00
7.871680701215906240e-01,0.000000000000000000e+00,9.991971143337742816e-04,1.761337280156200641e-02,1.942193599625134659e-01
8.741204938988829110e-01,1.051204372465157771e-01,2.297306392705557136e-03,1.846176246189573308e-02,0.000000000000000000e+00
9.669936169724184793e-01,0.000000000000000000e+00,1.400845272703406079e-02,1.899793030054736792e-02,0.000000000000000000e+00
9.643350876070012623e-01,0.000000000000000000e+00,1.869455364883059606e-02,1.697035874416807921e-02,0.000000000000000000e+00
8.096190374878712293e-01,0.000000000000000000e+00,1.670656631727050626e-03,2.231894711550249169e-02,1.663913587648992998e-01
9.416135387958673997e-01,2.860688612546691441e-03,7.557935447723485890e-03,2.312111311730776983e-02,2.484672402655460285e-02
9.688533396688125965e-01,0.000000000000000000e+00,7.645121019320375542e-03,2.350153931186705833e-02,0.000000000000000000e+00
7.814825099676925291e-01,1.340252378975085867e-01,0.000000000000000000e+00,1.463315400733982904e-02,6.985909812745905167e-02
8.672159842887190440e-01,0.000000000000000000e+00,1.234192399934508355e-02,1.995820956949431735e-02,1.004838821424414580e-01
9.690136930062774878e-01,0.000000000000000000e+00,3.429706950323383168e-03,2.755660004339922226e-02,0.000000000000000000e+00
9.512941342475376150e-01,0.000000000000000000e+00,7.215491763828243803e-03,2.324749454828187178e-02,1.824287944035223041e-02
9.671270137205789652e-01,0.000000000000000000e+00,4.861714963624863550e-03,2.801127131579631002e-02,0.000000000000000000e+00
7.903358565397986535e-01,0.000000000000000000e+00,1.900671313005339313e-02,1.544920321495050347e-02,1.752082271151973736e-01
9.572703184471097471e-01,0.000000000000000000e+00,3.214606469460856535e-03,2.341080378826940200e-02,1.610427129516007333e-02
8.783017499414598195e-01,0.000000000000000000e+00,1.077709526171718307e-02,1.958742726828752515e-02,9.133372752853553822e-02
8.907823828123534460e-01,0.000000000000000000e+00,0.000000000000000000e+00,1.986781909558554132e-02,8.934979809206092249e-02
9.654016185797581473e-01,0.000000000000000000e+00,1.022766722495121669e-02,2.437071419529066377e-02,0.000000000000000000e+00
7.804811942670260017e-01,0.000000000000000000e+00,1.244093284004014685e-02,1.761141622047564248e-02,1.894664566724582055e-01
9.133938531666202509e-01,4.312473809928388940e-02,8.385160120047123076e-04,2.160335476169981603e-02,2.103953796039128438e-02
9.522788606522807342e-01,2.506612845989731816e-02,1.694281162391657111e-05,2.263806807619809375e-02,0.000000000000000000e+00
9.584825308717687120e-01,0.000000000000000000e+00,1.290125389355906496e-03,2.608204946749376890e-02,1.414529427138177219e-02
8.892232115340662491e-01,0.000000000000000000e+00,9.010024740725560907e-03,2.245263766300166497e-02,7.931412606220636374e-02
9.531442725766108293e-01,0.000000000000000000e+00,1.991119585079922580e-02,2.169022616812831677e-02,5.254305404461739187e-03
9.731362430090946258e-01,0.000000000000000000e+00,5.896152851472194825e-03,2.096760413943313944e-02,0.000000000000000000e+00
9.115736099686114757e-01,5.992903681165014096e-02,9.669377047149848095e-03,1.882797617258862369e-02,0.000000000000000000e+00
8.521559929697642977e-01,0.000000000000000000e+00,9.551214745511250534e-03,2.115912418476669984e-02,1.171336680999578023e-01
7.952810205878325656e-01,0.000000000000000000e+00,2.262952166262112083e-03,1.531732948370104035e-02,1.871386977622042092e-01
9.630051352052770852e-01,0.000000000000000000e+00,1.513977984981427875e-02,2.185508494490854409e-02,0.000000000000000000e+00
8.651426938343035333e-01,1.081637639897936182e-01,8.094435605703231146e-03,1.859910657019962429e-02,0.000000000000000000e+00
8.501006595865829851e-01,0.000000000000000000e+00,3.775550967762320281e-03,2.180568713077924228e-02,1.243181023148755837e-01
9.530957414981560127e-01,0.000000000000000000e+00,1.456995758028481773e-03,2.359093260177411513e-02,2.185633014204140662e-02
9.700713360835696575e-01,0.000000000000000000e+00,1.033632895809514715e-02,1.959233495833516761e-02,0.000000000000000000e+00
7.925102971159811993e-01,0.000000000000000000e+00,5.499763309231095118e-03,1.856137169239673382e-02,1.834285678823911192e-01
8.808241724115152271e-01,0.000000000000000000e+00,2.545557372927732039e-03,2.770861410807248446e-02,8.892165610748467564e-02
9.399694266673626064e-01,3.474299039997140459e-02,4.437041072953558200e-04,2.484387882537060846e-02,0.000000000000000000e+00
9.353166937299598471e-01,0.000000000000000000e+00,1.346677428690152417e-02,2.057583990967326928e-02,3.064069207346523452e-02
9.472458021930844074e-01,0.000000000000000000e+00,6.588974521673609738e-03,2.216283667637496471e-02,2.400238660886681169e-02
9.108654932790607450e-01,0.000000000000000000e+00,3.176609649930305784e-02,1.884509295043784380e-02,3.852331727119838456e-02
9.434555460154373518e-01,0.000000000000000000e+00,0.000000000000000000e+00,2.326058565561437558e-02,3.328386832894821012e-02
9.516228956271330919e-01,0.000000000000000000e+00,1.299325721481100863e-02,2.424651410862878331e-02,1.113733304942715781e-02
8.783333163150007783e-01,3.378258361070420046e-02,2.119504709570177794e-02,1.565563815351124835e-02,5.103341482508205046e-02
8.180683188508207637e-01,8.544031490328891920e-02,0.000000000000000000e+00,1.837806421047600072e-02,7.811330203541452799e-02
7.966594574011764962e-01,0.000000000000000000e+00,4.445971295189546368e-03,2.273342931000172165e-02,1.761611419936322254e-01
9.197956989835398556e-01,0.000000000000000000e+00,5.330708779641497169e-03,2.245772811647632830e-02,5.241586412034240222e-02
9.733484132855536597e-01,0.000000000000000000e+00,4.076691333530115327e-03,2.257489538091611569e-02,0.000000000000000000e+00
8.732409080894186770e-01,0.000000000000000000e+00,1.113971130479527415e-02,2.077920558292985220e-02,9.484017502285611856e-02
6.994561820647107186e-01,2.438846609706712132e-01,0.000000000000000000e+00,1.012963887636002432e-02,4.652951808825786517e-02
8.998235460159715871e-01,0.000000000000000000e+00,5.977128521448107738e-03,2.252624483061734656e-02,7.167308063196300982e-02
7.894868934256088489e-01,1.889757708895471455e-01,5.380395668257422978e-03,1.615694001658667112e-02,0.000000000000000000e+00
9.739187750167402902e-01,0.000000000000000000e+00,4.668332929904592428e-03,2.141289205335507317e-02,0.000000000000000000e+00
7.880317151807656462e-01,1.927038642713468641e-01,7.199343536755367125e-03,1.206507701113194823e-02,0.000000000000000000e+00
9.748823390953825774e-01,0.000000000000000000e+00,1.775978833310389168e-04,2.494006302128639121e-02,0.000000000000000000e+00
8.215114940823698975e-01,0.000000000000000000e+00,8.976269487300764238e-03,2.183337800311857882e-02,1.476788584272107629e-01
8.690591742290436628e-01,0.000000000000000000e+00,1.383939163331043484e-02,2.002265409635222218e-02,9.707878004129348593e-02
9.523247567590378271e-01,0.000000000000000000e+00,1.066007087477354592e-02,2.297152519620460423e-02,1.404364716998393083e-02
9.625828609977158390e-01,0.000000000000000000e+00,1.584406646729063714e-02,2.157307253499348917e-02,0.000000000000000000e+00
8.801943316471426693e-01,0.000000000000000000e+00,1.154390074952906485e-02,2.308130479460388310e-02,8.518046280872436371e-02
9.704299686467597885e-01,8.692404536885432742e-03,0.000000000000000000e+00,2.087762681635479262e-02,0.000000000000000000e+00
9.644729720864231304e-01,0.000000000000000000e+00,2.160840554482699148e-03,2.070498967823529435e-02,1.266119768085909036e-02
8.688181975873918717e-01,0.000000000000000000e+00,9.253955494216561245e-03,1.714604157093016501e-02,1.047818053474614125e-01
8.770848677891986966e-01,0.000000000000000000e+00,1.067817378130212630e-02,1.985601109427218708e-02,9.238094733522703161e-02
8.346315494057447992e-01,0.000000000000000000e+00,8.488274086347990036e-03,1.938322902966639616e-02,1.374969474782407608e-01
8.795020445574958101e-01,0.000000000000000000e+00,5.081977044803709896e-03,2.113342923275678478e-02,9.428254916494370474e-02
7.587956744456663127e-01,0.000000000000000000e+00,9.502744484656107382e-03,1.423276489992131473e-02,2.174688161697562183e-01
8.830216260282478524e-01,0.000000000000000000e+00,2.004887156960945445e-03,2.118913035078390933e-02,9.378435646400730408e-02
9.129866599499878443e-01,0.000000000000000000e+00,2.974930675226183322e-03,2.139220061129757169e-02,6.264620876348850342e-02
9.700256764713548474e-01,0.000000000000000000e+00,1.030028918408783419e-02,1.967403434455739300e-02,0.000000000000000000e+00
9.663583189919175975e-01,0.000000000000000000e+00,8.919630477163480176e-03,2.472205053091897781e-02,0.000000000000000000e+00
8.337522118686553352e-01,0.000000000000000000e+00,1.067809387576420382e-02,1.792652784765950275e-02,1.376431664079210138e-01
8.942610533965835717e-01,8.168856230088369919e-02,1.711614398989343058e-03,2.233876990354348099e-02,0.000000000000000000e+00
8.239980125181678439e-01,0.000000000000000000e+00,7.140779364481214401e-04,2.103528719244961154e-02,1.542526223529344931e-01
9.599409951661731499e-01,0.000000000000000000e+00,1.880460521962296766e-02,2.125439961420402465e-02,0.000000000000000000e+00
7.401261395979673585e-01,0.000000000000000000e+00,4.011070988099690003e-03,1.673655771227865879e-02,2.391262317016543681e-01
8.876984800736330561e-01,8.028328211234027345e-02,1.527410558700377681e-02,1.674413222702295090e-02,0.000000000000000000e+00
7.841358760422492136e-01,0.000000000000000000e+00,1.411535359808235683e-02,2.022815671489304121e-02,1.815206136447754526e-01
8.151940420618276617e-01,0.000000000000000000e+00,2.045735762145862308e-02,1.696419136971216365e-02,1.473844089470014718e-01
8.696636182390377057e-01,0.000000000000000000e+00,1.428714978560782778e-02,2.060562207210698063e-02,9.544360990324742000e-02
8.835070136898939275e-01,0.000000000000000000e+00,8.795357185480617151e-03,2.424367325262663520e-02,8.345395587199891385e-02
9.305762669874119153e-01,0.000000000000000000e+00,7.623156709949691773e-03,2.266243821025079597e-02,3.913813809238760044e-02
8.284269575613950609e-01,0.000000000000000000e+00,1.077522595027455114e-02,2.072384053264556686e-02,1.400739759556849373e-01
9.068832157003541283e-01,0.000000000000000000e+00,1.105058907721587734e-02,2.232103644539988954e-02,5.974515877703009264e-02
7.241486837347945738e-01,0.000000000000000000e+00,1.090859800033423116e-02,1.472512536105208096e-02,2.502175929038190638e-01
7.425390323055218733e-01,0.000000000000000000e+00,7.514587276281290036e-03,1.658895599821400696e-02,2.333574244199828618e-01
9.658268089981676408e-01,0.000000000000000000e+00,1.322360046940791560e-02,2.094959053242439681e-02,0.000000000000000000e+00
7.672142795396091897e-01,0.000000000000000000e+00,1.577781529930312107e-02,1.575893326281419676e-02,2.012489718982734821e-01
9.399716843131398214e-01,0.000000000000000000e+00,2.374961124955740632e-02,1.953269843960553365e-02,1.674600599769698189e-02
7.343788742927646052e-01,1.217072061135383299e-01,0.000000000000000000e+00,9.636691349643717805e-03,1.342772282440532483e-01
7.912836174919801735e-01,0.000000000000000000e+00,1.586084422183310638e-02,1.782013822556264768e-02,1.750354000606240690e-01
7.590543801471438812e-01,2.287470661783933268e-01,2.665751386824029246e-04,1.193197853578038814e-02,0.000000000000000000e+00
8.266795982933567988e-01,9.252813334789557198e-02,6.969940771252814207e-03,1.499232531106458113e-02,5.883000227643025298e-02
9.614168829769564883e-01,0.000000000000000000e+00,1.354094248355886682e-02,2.504217453948467606e-02,0.000000000000000000e+00
9.632228235975036634e-01,0.000000000000000000e+00,1.340447881116786991e-02,2.337269759132851177e-02,0.000000000000000000e+00
9.730006589107507153e-01,0.000000000000000000e+00,5.403920807139226540e-03,2.159542028210989159e-02,0.000000000000000000e+00
9.672560265801390944e-01,0.000000000000000000e+00,1.213207160009121405e-02,2.061190181976955277e-02,0.000000000000000000e+00
8.282016896177680776e-01,0.000000000000000000e+00,7.039139900797865800e-03,1.851546734639330019e-02,1.462437031350408145e-01
8.976633055521856530e-01,7.075570347470751253e-02,8.563393026250599657e-03,2.301759794685614285e-02,0.000000000000000000e+00
8.725426268969496135e-01,0.000000000000000000e+00,1.081404052393913039e-02,2.325770021362376719e-02,9.338563236548759472e-02
8.422679025673259767e-01,0.000000000000000000e+00,1.307798168901749478e-02,2.075112670452661928e-02,1.239029890391300098e-01
8.533457951965320865e-01,0.000000000000000000e+00,5.697391448328445115e-03,1.911398012233536670e-02,1.218428332328041347e-01
8.863819415630193044e-01,0.000000000000000000e+00,2.749860716541039155e-02,1.738139868616450645e-02,6.873805258540581498e-02
9.673578243698912615e-01,2.717860844798229963e-03,4.273150160474205837e-03,2.565116462483617299e-02,0.000000000000000000e+00
6.962005024967459210e-01,0.000000000000000000e+00,1.146906273407082531e-02,1.542532360666988046e-02,2.769051111625135397e-01
8.845134975274794309e-01,8.264952097889717575e-02,1.388365680930689697e-02,1.895332468431643394e-02,0.000000000000000000e+00
8.295494601318994521e-01,0.000000000000000000e+00,1.872470102911719114e-02,1.466241454953196369e-02,1.370634242894513133e-01
8.261355786889539310e-01,0.000000000000000000e+00,1.208423294925674990e-02,1.717896025906411744e-02,1.446012281027251323e-01
9.803331280842266793e-01,0.000000000000000000e+00,0.000000000000000000e+00,1.966687191577335195e-02,0.000000000000000000e+00
9.701497611173800495e-01,0.000000000000000000e+00,8.169448194148566308e-03,2.168079068847142410e-02,0.000000000000000000e+00
8.494544978718964190e-01,0.000000000000000000e+00,1.361773055727952958e-02,2.165949224519968588e-02,1.152682793256244037e-01
8.145799844649963539e-01,1.612925411359074634e-01,1.733416741400253900e-03,2.239405765769598988e-02,0.000000000000000000e+00
9.111752525231163746e-01,1.199938601757441839e-02,1.133014184058066080e-02,1.767468533537676356e-02,4.782053428335178435e-02
8.470323003865236622e-01,0.000000000000000000e+00,1.638063346109455698e-02,1.938801194465407732e-02,1.171990542077277625e-01
7.233971568106922767e-01,7.031873111377671959e-02,1.300901691687023770e-02,1.379643209581570343e-02,1.794786630628451285e-01
9.674481281804304666e-01,0.000000000000000000e+00,1.088231324868687774e-02,2.166955857088255846e-02,0.000000000000000000e+00
8.624238270709662091e-01,1.170141978846546832e-01,2.029001423541033303e-03,1.853297362083812169e-02,0.000000000000000000e+00
9.712904653165662650e-01,0.000000000000000000e+00,2.319555683291524544e-03,2.638997900014213374e-02,0.000000000000000000e+00
9.690063852313911541e-01,0.000000000000000000e+00,6.596513016957993199e-03,2.439710175165084663e-02,0.000000000000000000e+00
