# DNRN, Denitrification, Anammox, Nitrite Oxidation, CaCO3 Dissolution 
9.533907558446571562e-01,0.000000000000000000e+00,1.672833306663676703e-02,2.988091108870606985e-02,0.000000000000000000e+00
9.555975818943664990e-01,0.000000000000000000e+00,1.562000396370328073e-02,2.878241414193000169e-02,0.000000000000000000e+00
9.518551350829587143e-01,0.000000000000000000e+00,1.928706344930290750e-02,2.885780146773843716e-02,0.000000000000000000e+00
9.537214871293692164e-01,0.000000000000000000e+00,1.609099818696282935e-02,3.018751468366809992e-02,0.000000000000000000e+00
9.529744559260702186e-01,0.000000000000000000e+00,1.721266627600390869e-02,2.981287779792584844e-02,0.000000000000000000e+00
9.543939934960518068e-01,0.000000000000000000e+00,1.647826695637268080e-02,2.912773954757558528e-02,0.000000000000000000e+00
9.502022516553600973e-01,0.000000000000000000e+00,2.196796229437451495e-02,2.782978605026537738e-02,0.000000000000000000e+00
9.502377297075829121e-01,0.000000000000000000e+00,2.070500888459961622e-02,2.905726140781739880e-02,0.000000000000000000e+00
9.561371284413439087e-01,0.000000000000000000e+00,1.400390031552092331e-02,2.985897124313505874e-02,0.000000000000000000e+00
9.576076910834956379e-01,0.000000000000000000e+00,1.216646022970305045e-02,3.022584868680129599e-02,0.000000000000000000e+00
9.570538443956460029e-01,0.000000000000000000e+00,1.432137897542899545e-02,2.862477662892509017e-02,0.000000000000000000e+00
9.554148816930273513e-01,0.000000000000000000e+00,1.486098569670361337e-02,2.972413261026903009e-02,0.000000000000000000e+00
9.587254620253288229e-01,0.000000000000000000e+00,9.949775886552618756e-03,3.132476208811876134e-02,0.000000000000000000e+00
9.530803014468381962e-01,0.000000000000000000e+00,1.717857111830932079e-02,2.974112743485245874e-02,0.000000000000000000e+00
9.556147205091602981e-01,0.000000000000000000e+00,1.548918273287094166e-02,2.889609675796884353e-02,0.000000000000000000e+00
9.560313999406566676e-01,0.000000000000000000e+00,1.519927130813968422e-02,2.876932875120347816e-02,0.000000000000000000e+00
9.537530191080688668e-01,0.000000000000000000e+00,1.707493074984995501e-02,2.917205014208113997e-02,0.000000000000000000e+00
9.584884809710453313e-01,0.000000000000000000e+00,1.165889234220407987e-02,2.985262668675062181e-02,0.000000000000000000e+00
9.593917101255673430e-01,0.000000000000000000e+00,1.036962892390314375e-02,3.023866095052939879e-02,0.000000000000000000e+00
9.540260685384986949e-01,0.000000000000000000e+00,1.667244408480123355e-02,2.930148737669993966e-02,0.000000000000000000e+00
9.556536369795745056e-01,0.000000000000000000e+00,1.545348746736672704e-02,2.889287555305872571e-02,0.000000000000000000e+00
9.515753959244904747e-01,0.000000000000000000e+00,1.905985408808098802e-02,2.936474998742858236e-02,0.000000000000000000e+00
9.550389095152684860e-01,0.000000000000000000e+00,1.481832847289693035e-02,3.014276201183465828e-02,0.000000000000000000e+00
9.558932100515447061e-01,0.000000000000000000e+00,1.344791299395391333e-02,3.065887695450133718e-02,0.000000000000000000e+00
9.562421949406624266e-01,0.000000000000000000e+00,1.446139230796578655e-02,2.929641275137180589e-02,0.000000000000000000e+00
9.514213537342045557e-01,0.000000000000000000e+00,1.883912116379796511e-02,2.973952510199754859e-02,0.000000000000000000e+00
9.526352591189143348e-01,0.000000000000000000e+00,1.737850921447694000e-02,2.998623166660883618e-02,0.000000000000000000e+00
9.563923462483417959e-01,0.000000000000000000e+00,1.302812347480684571e-02,3.057953027685142086e-02,0.000000000000000000e+00
9.562112233796432603e-01,0.000000000000000000e+00,1.512262301383299895e-02,2.866615360652369562e-02,0.000000000000000000e+00
9.592991979018855586e-01,0.000000000000000000e+00,9.282836207000480164e-03,3.141796589111413990e-02,0.000000000000000000e+00
9.170374234363241062e-01,4.019110501660445173e-02,1.508244772341847673e-02,2.768902382365301396e-02,0.000000000000000000e+00
9.598901527419678725e-01,0.000000000000000000e+00,1.008914700135334248e-02,3.002070025667883529e-02,0.000000000000000000e+00
9.548812500281634863e-01,0.000000000000000000e+00,1.526515071886958876e-02,2.985359925296702729e-02,0.000000000000000000e+00
9.535592593715049858e-01,0.000000000000000000e+00,1.686366981263123441e-02,2.957707081586383527e-02,0.000000000000000000e+00
9.506204433713159041e-01,0.000000000000000000e+00,2.142637042367992462e-02,2.795318620500417822e-02,0.000000000000000000e+00
9.559598782338062373e-01,0.000000000000000000e+00,1.551071466257760052e-02,2.852940710361616741e-02,0.000000000000000000e+00
9.530870242096811662e-01,0.000000000000000000e+00,1.866051405220378601e-02,2.825246173811519004e-02,0.000000000000000000e+00
9.566534316324756260e-01,0.000000000000000000e+00,1.284593896620313778e-02,3.050062940132117206e-02,0.000000000000000000e+00
9.537950197799105467e-01,0.000000000000000000e+00,1.662968067820315074e-02,2.957529954188622273e-02,0.000000000000000000e+00
9.540303163120047447e-01,0.000000000000000000e+00,1.718591838372209718e-02,2.878376530427321014e-02,0.000000000000000000e+00
9.603856222031303957e-01,0.000000000000000000e+00,1.065687719468933793e-02,2.895750060218039296e-02,0.000000000000000000e+00
9.575266981569126035e-01,0.000000000000000000e+00,1.277470077917998784e-02,2.969860106390749196e-02,0.000000000000000000e+00
9.576007007935708470e-01,0.000000000000000000e+00,1.252508872154246139e-02,2.987421048488680952e-02,0.000000000000000000e+00
9.564659079952592124e-01,0.000000000000000000e+00,1.374452445586916462e-02,2.978956754887167324e-02,0.000000000000000000e+00
9.538170221857896758e-01,0.000000000000000000e+00,1.699287018512707359e-02,2.919010762908327491e-02,0.000000000000000000e+00
9.558498745020916898e-01,0.000000000000000000e+00,1.435261103323184385e-02,2.979751446467644727e-02,0.000000000000000000e+00
9.573676533443503667e-01,0.000000000000000000e+00,1.466495879687445235e-02,2.796738785877535272e-02,0.000000000000000000e+00
9.548220038910048002e-01,0.000000000000000000e+00,1.553076156066856423e-02,2.964723454832669455e-02,0.000000000000000000e+00
9.558381351390634606e-01,0.000000000000000000e+00,1.455253295921097624e-02,2.960933190172554408e-02,0.000000000000000000e+00
9.505586888295290970e-01,0.000000000000000000e+00,2.261029717933870503e-02,2.683101399113229160e-02,0.000000000000000000e+00
9.547470663394230783e-01,0.000000000000000000e+00,1.449465437359966601e-02,3.075827928697712557e-02,0.000000000000000000e+00
9.559173893593637672e-01,0.000000000000000000e+00,1.431258783433372699e-02,2.977002280630261163e-02,0.000000000000000000e+00
9.505991218050766633e-01,0.000000000000000000e+00,2.138460006533972682e-02,2.801627812958360636e-02,0.000000000000000000e+00
9.554012797622818409e-01,0.000000000000000000e+00,1.517520096097894899e-02,2.942351927673930723e-02,0.000000000000000000e+00
9.567857821052566658e-01,0.000000000000000000e+00,1.323971614818805938e-02,2.997450174655508573e-02,0.000000000000000000e+00
9.570276183178418883e-01,0.000000000000000000e+00,1.263196565830716767e-02,3.034041602385088854e-02,0.000000000000000000e+00
9.547278142572607207e-01,0.000000000000000000e+00,1.662150396170996441e-02,2.865068178102934265e-02,0.000000000000000000e+00
9.513921874960316050e-01,0.000000000000000000e+00,2.114023427014176393e-02,2.746757823382646110e-02,0.000000000000000000e+00
9.588161080694228566e-01,0.000000000000000000e+00,1.073521210554271785e-02,3.044867982503447409e-02,0.000000000000000000e+00
9.549497567308460333e-01,0.000000000000000000e+00,1.693411386066657684e-02,2.811612940848732048e-02,0.000000000000000000e+00
9.511596990705829535e-01,0.000000000000000000e+00,1.991277583941216886e-02,2.892752509000484640e-02,0.000000000000000000e+00
9.525917847942967365e-01,0.000000000000000000e+00,1.912477872065330292e-02,2.828343648505008551e-02,0.000000000000000000e+00
9.539001405161182667e-01,0.000000000000000000e+00,1.553979174228244976e-02,3.056006774159930606e-02,0.000000000000000000e+00
9.539743492955271575e-01,0.000000000000000000e+00,1.469239698617291930e-02,3.133325371830004979e-02,0.000000000000000000e+00
9.603473343403627904e-01,0.000000000000000000e+00,9.988698863328638461e-03,2.966396679630855376e-02,0.000000000000000000e+00
9.579648095803151575e-01,0.000000000000000000e+00,1.363360867391357964e-02,2.840158174577126632e-02,0.000000000000000000e+00
9.548009431334794073e-01,0.000000000000000000e+00,1.671632075948663310e-02,2.848273610703409495e-02,0.000000000000000000e+00
9.572097048137561126e-01,0.000000000000000000e+00,1.227555670757064267e-02,3.051473847867327768e-02,0.000000000000000000e+00
9.539773461262665011e-01,0.000000000000000000e+00,1.643848129057474267e-02,2.958417258315876666e-02,0.000000000000000000e+00
9.605547879039725290e-01,0.000000000000000000e+00,7.936890898924705770e-03,3.150832119710272883e-02,0.000000000000000000e+00
9.571821234159552105e-01,0.000000000000000000e+00,1.339146229406788444e-02,2.942641428997668299e-02,0.000000000000000000e+00
9.548862211635416042e-01,0.000000000000000000e+00,1.449026197697928127e-02,3.062351685947910934e-02,0.000000000000000000e+00
9.566215838221427958e-01,0.000000000000000000e+00,1.396037973396429405e-02,2.941803644389304195e-02,0.000000000000000000e+00
9.507011198422374854e-01,0.000000000000000000e+00,2.053279218168072365e-02,2.876608797608165916e-02,0.000000000000000000e+00
9.529767926113454912e-01,0.000000000000000000e+00,1.811405791553963654e-02,2.890914947311502836e-02,0.000000000000000000e+00
9.531871781897814921e-01,0.000000000000000000e+00,1.842224755000244907e-02,2.839057426021589919e-02,0.000000000000000000e+00
9.521714346012128960e-01,0.000000000000000000e+00,1.997344673097885617e-02,2.785511866780826171e-02,0.000000000000000000e+00
9.583478506832338040e-01,0.000000000000000000e+00,1.126667391109464553e-02,3.038547540567158520e-02,0.000000000000000000e+00
9.538709439225462328e-01,0.000000000000000000e+00,1.648873315033292167e-02,2.964032292712085945e-02,0.000000000000000000e+00
9.606333357591785305e-01,0.000000000000000000e+00,8.503365654439017443e-03,3.086329858638257873e-02,0.000000000000000000e+00
9.525080516972098676e-01,0.000000000000000000e+00,1.886256599891338037e-02,2.862938230387662361e-02,0.000000000000000000e+00
9.547452757867797013e-01,0.000000000000000000e+00,1.596843033355638611e-02,2.928629387966382239e-02,0.000000000000000000e+00
9.557703062090092683e-01,0.000000000000000000e+00,1.508125297867043274e-02,2.914844081232030593e-02,0.000000000000000000e+00
9.530724479951344641e-01,0.000000000000000000e+00,1.920175471712381662e-02,2.772579728774186500e-02,0.000000000000000000e+00
9.590078403010120489e-01,0.000000000000000000e+00,1.196501319870393702e-02,2.902714650028410254e-02,0.000000000000000000e+00
9.570118649261829535e-01,0.000000000000000000e+00,1.255214566094843727e-02,3.043598941286863174e-02,0.000000000000000000e+00
9.521356715442409469e-01,0.000000000000000000e+00,1.946999582131834008e-02,2.839433263444067490e-02,0.000000000000000000e+00
9.566716720744316005e-01,0.000000000000000000e+00,1.346669626199530588e-02,2.986163166357310925e-02,0.000000000000000000e+00
9.558320198330375606e-01,0.000000000000000000e+00,1.455363370864337126e-02,2.961434645831892767e-02,0.000000000000000000e+00
9.524229589368550242e-01,0.000000000000000000e+00,1.825304926498556163e-02,2.932399179815951828e-02,0.000000000000000000e+00
9.566169094527088301e-01,0.000000000000000000e+00,1.326062659152490303e-02,3.012246395576624255e-02,0.000000000000000000e+00
9.554787003649402033e-01,0.000000000000000000e+00,1.478016260465257227e-02,2.974113703040705964e-02,0.000000000000000000e+00
9.515433939699503574e-01,0.000000000000000000e+00,1.790060242041048577e-02,3.055600360963919501e-02,0.000000000000000000e+00
9.545818805952035468e-01,0.000000000000000000e+00,1.646419998958469771e-02,2.895391941521165136e-02,0.000000000000000000e+00
9.577709718887464918e-01,0.000000000000000000e+00,1.271130310835148942e-02,2.951772500290199969e-02,0.000000000000000000e+00
9.545005450719701301e-01,0.000000000000000000e+00,1.649210152065206519e-02,2.900735340737779430e-02,0.000000000000000000e+00
9.326237653561855190e-01,3.065198487860714902e-02,7.811594302406362801e-03,2.891265546280075149e-02,0.000000000000000000e+00
9.565200597522440784e-01,0.000000000000000000e+00,1.485565723064128166e-02,2.862428301711452197e-02,0.000000000000000000e+00
9.577559681928464741e-01,0.000000000000000000e+00,1.228071817423090004e-02,2.996331363292266403e-02,0.000000000000000000e+00
9.557324143014929163e-01,0.000000000000000000e+00,1.591679338732698845e-02,2.835079231118008136e-02,0.000000000000000000e+00
9.596636618608113123e-01,0.000000000000000000e+00,1.009218976165307709e-02,3.024414837753565052e-02,0.000000000000000000e+00
9.580846393733299937e-01,0.000000000000000000e+00,1.206745807523242758e-02,2.984790255143743645e-02,0.000000000000000000e+00
9.516106140957445447e-01,0.000000000000000000e+00,1.924101545815251960e-02,2.914837044610299466e-02,0.000000000000000000e+00
9.514562600026467143e-01,0.000000000000000000e+00,1.998734379041175110e-02,2.855639620694151726e-02,0.000000000000000000e+00
9.549580738274889846e-01,0.000000000000000000e+00,1.578643217179286073e-02,2.925549400071823097e-02,0.000000000000000000e+00
9.539626375418414073e-01,0.000000000000000000e+00,1.810733443285814787e-02,2.793002802530045181e-02,0.000000000000000000e+00
9.513138674980899934e-01,0.000000000000000000e+00,2.023094823392293864e-02,2.845518426798692574e-02,0.000000000000000000e+00
9.510972178257589560e-01,0.000000000000000000e+00,2.030113739459343120e-02,2.860164477964757812e-02,0.000000000000000000e+00
9.578895315665912902e-01,0.000000000000000000e+00,1.227752603697857513e-02,2.983294239643000112e-02,0.000000000000000000e+00
9.575249822475908612e-01,0.000000000000000000e+00,1.314090368353467743e-02,2.933411406887448392e-02,0.000000000000000000e+00
9.569088061212881469e-01,0.000000000000000000e+00,1.403742478050418185e-02,2.905376909820761230e-02,0.000000000000000000e+00
9.517672283548105350e-01,0.000000000000000000e+00,1.895814039943492443e-02,2.927463124575450590e-02,0.000000000000000000e+00
9.546750297227253323e-01,0.000000000000000000e+00,1.565482409511534390e-02,2.967014618215946600e-02,0.000000000000000000e+00
9.530810595954340991e-01,0.000000000000000000e+00,1.714491625609108894e-02,2.977402414847479112e-02,0.000000000000000000e+00
9.536687809191901621e-01,0.000000000000000000e+00,1.681561541539122046e-02,2.951560366541845087e-02,0.000000000000000000e+00
9.537356250853527007e-01,0.000000000000000000e+00,1.753548782051250407e-02,2.872888709413472935e-02,0.000000000000000000e+00
9.589222946719625496e-01,0.000000000000000000e+00,1.042591849604289356e-02,3.065178683199449444e-02,0.000000000000000000e+00
9.547743419276996102e-01,0.000000000000000000e+00,1.556331966718468331e-02,2.966233840511585743e-02,0.000000000000000000e+00
9.589865991364386888e-01,0.000000000000000000e+00,1.071362339685225443e-02,3.029977746670898392e-02,0.000000000000000000e+00
9.523880253394957363e-01,0.000000000000000000e+00,1.838098298785570406e-02,2.923099167264842785e-02,0.000000000000000000e+00
9.567051096266857568e-01,0.000000000000000000e+00,1.415872192447400341e-02,2.913616844884012527e-02,0.000000000000000000e+00
9.535589236667161295e-01,0.000000000000000000e+00,1.631663761271603605e-02,3.012443872056785182e-02,0.000000000000000000e+00
9.582200651114582968e-01,0.000000000000000000e+00,1.135904979503538775e-02,3.042088509350632589e-02,0.000000000000000000e+00
9.585459133821816469e-01,0.000000000000000000e+00,1.080429948285175495e-02,3.064978713496668838e-02,0.000000000000000000e+00
9.522356280206405454e-01,0.000000000000000000e+00,1.891830927155156716e-02,2.884606270780782841e-02,0.000000000000000000e+00
9.531746474464420915e-01,0.000000000000000000e+00,1.832812494716205831e-02,2.849722760639576344e-02,0.000000000000000000e+00
9.590140702216747304e-01,0.000000000000000000e+00,1.022343602736098221e-02,3.076249375096421976e-02,0.000000000000000000e+00
9.597225830423719017e-01,0.000000000000000000e+00,1.052652833428978883e-02,2.975088862333830075e-02,0.000000000000000000e+00
9.565802522328229474e-01,0.000000000000000000e+00,1.424140371307140197e-02,2.917834405410569057e-02,0.000000000000000000e+00
9.573220980969159299e-01,0.000000000000000000e+00,1.276322444035768097e-02,2.991467746272628153e-02,0.000000000000000000e+00
9.536419375037478163e-01,0.000000000000000000e+00,1.716040687958865843e-02,2.919765561666344197e-02,0.000000000000000000e+00
9.544572729276922241e-01,0.000000000000000000e+00,1.657314412275400634e-02,2.896958294955376961e-02,0.000000000000000000e+00
9.551369676316008306e-01,0.000000000000000000e+00,1.418901036014437629e-02,3.067402200825480180e-02,0.000000000000000000e+00
9.511450370925987885e-01,0.000000000000000000e+00,2.077882208715480655e-02,2.807614082024643271e-02,0.000000000000000000e+00
9.591185150941275994e-01,0.000000000000000000e+00,1.162864368689736812e-02,2.925284121897504808e-02,0.000000000000000000e+00
9.499155121293026971e-01,0.000000000000000000e+00,2.016575887666118699e-02,2.991872899403608815e-02,0.000000000000000000e+00
9.520207762582105770e-01,0.000000000000000000e+00,2.023066744169219403e-02,2.774855630009711790e-02,0.000000000000000000e+00
9.531475255795986978e-01,0.000000000000000000e+00,1.824637381548946738e-02,2.860610060491195622e-02,0.000000000000000000e+00
9.563795135326816910e-01,0.000000000000000000e+00,1.427911178703582425e-02,2.934137468028243101e-02,0.000000000000000000e+00
9.554499321032399184e-01,0.000000000000000000e+00,1.552591630721391475e-02,2.902415158954603155e-02,0.000000000000000000e+00
9.582139185025306816e-01,0.000000000000000000e+00,1.061723048242780437e-02,3.116885101504160080e-02,0.000000000000000000e+00
9.599160342471397822e-01,0.000000000000000000e+00,1.049074114885854662e-02,2.959322460400170759e-02,0.000000000000000000e+00
9.534314039125361129e-01,0.000000000000000000e+00,1.779266880858443658e-02,2.877592727887931870e-02,0.000000000000000000e+00
9.561058156477809655e-01,0.000000000000000000e+00,1.447703679544379285e-02,2.941714755677522428e-02,0.000000000000000000e+00
9.580102710497329088e-01,0.000000000000000000e+00,1.275267321190577154e-02,2.923705573836128668e-02,0.000000000000000000e+00
9.581055716513551257e-01,0.000000000000000000e+00,1.134912026332301517e-02,3.054530808532186434e-02,0.000000000000000000e+00
9.562962115996905821e-01,0.000000000000000000e+00,1.381853421481627278e-02,2.988525418549323881e-02,0.000000000000000000e+00
9.605569807755551803e-01,0.000000000000000000e+00,9.301481543978848410e-03,3.014153768046578738e-02,0.000000000000000000e+00
9.583785300733626000e-01,0.000000000000000000e+00,1.097744104798064474e-02,3.064402887865693911e-02,0.000000000000000000e+00
9.537243813553585303e-01,0.000000000000000000e+00,1.778426616177309835e-02,2.849135248286840602e-02,0.000000000000000000e+00
9.506608154109339459e-01,0.000000000000000000e+00,2.136497984718986956e-02,2.797420474187615677e-02,0.000000000000000000e+00
9.566610392974103094e-01,0.000000000000000000e+00,1.303152845595149760e-02,3.030743224663841329e-02,0.000000000000000000e+00
9.536684772947877642e-01,0.000000000000000000e+00,1.678129007391811894e-02,2.955023263129414116e-02,0.000000000000000000e+00
9.562680440636980306e-01,0.000000000000000000e+00,1.358593117194627220e-02,3.014602476435571110e-02,0.000000000000000000e+00
9.528869444786888243e-01,0.000000000000000000e+00,1.839297307540789864e-02,2.872008244590336032e-02,0.000000000000000000e+00
9.568139440064001855e-01,0.000000000000000000e+00,1.357486608512604824e-02,2.961118990847391719e-02,0.000000000000000000e+00
9.532153365196959216e-01,0.000000000000000000e+00,1.903528806501507409e-02,2.774937541528905982e-02,0.000000000000000000e+00
9.565963412091568197e-01,0.000000000000000000e+00,1.328483813127485404e-02,3.011882065956823437e-02,0.000000000000000000e+00
9.518678684010213331e-01,0.000000000000000000e+00,1.885982985608856966e-02,2.927230174289010417e-02,0.000000000000000000e+00
9.524344571284644179e-01,0.000000000000000000e+00,1.755545734928686333e-02,3.001008552224873616e-02,0.000000000000000000e+00
9.539753807438674515e-01,0.000000000000000000e+00,1.662564083295896625e-02,2.939897842317353710e-02,0.000000000000000000e+00
9.531278501130604486e-01,0.000000000000000000e+00,1.682901627896628283e-02,3.004313360797310900e-02,0.000000000000000000e+00
9.546931359359833724e-01,0.000000000000000000e+00,1.439793188021695411e-02,3.090893218379967000e-02,0.000000000000000000e+00
9.557939599773552786e-01,0.000000000000000000e+00,1.347659281547792208e-02,3.072944720716686354e-02,0.000000000000000000e+00
9.549581050337417887e-01,0.000000000000000000e+00,1.669036660388098503e-02,2.835152836237716731e-02,0.000000000000000000e+00
9.567802828065292697e-01,0.000000000000000000e+00,1.404466219494312357e-02,2.917505499852773160e-02,0.000000000000000000e+00
9.550710438484585341e-01,0.000000000000000000e+00,1.499229966070695329e-02,2.993665649083445193e-02,0.000000000000000000e+00
9.578305181578128380e-01,0.000000000000000000e+00,1.241964690916213046e-02,2.974983493302508705e-02,0.000000000000000000e+00
9.572262166731075883e-01,0.000000000000000000e+00,1.197331157607809185e-02,3.080047175081428862e-02,0.000000000000000000e+00
9.550534137350344954e-01,4.430432681016154700e-03,1.015624859288521628e-02,3.035990499106398094e-02,0.000000000000000000e+00
9.522705324029854257e-01,0.000000000000000000e+00,1.872141275099677843e-02,2.900805484601780976e-02,0.000000000000000000e+00
9.557714567597956901e-01,0.000000000000000000e+00,1.541493496158031530e-02,2.881360827862394433e-02,0.000000000000000000e+00
9.515486493317008021e-01,0.000000000000000000e+00,1.988463534388182699e-02,2.856671532441748540e-02,0.000000000000000000e+00
9.306268095245219252e-01,3.141081063136398621e-02,8.385729826292083119e-03,2.957665001782190661e-02,0.000000000000000000e+00
9.530453789162112166e-01,0.000000000000000000e+00,1.806386853485339103e-02,2.889075254893525360e-02,0.000000000000000000e+00
9.582271155352091174e-01,0.000000000000000000e+00,1.226036960057463356e-02,2.951251486421618830e-02,0.000000000000000000e+00
9.552225481043413735e-01,0.000000000000000000e+00,1.515060823682900550e-02,2.962684365882971640e-02,0.000000000000000000e+00
9.579114969296517179e-01,0.000000000000000000e+00,1.171373077253417064e-02,3.037477229781414614e-02,0.000000000000000000e+00
9.486901479636667966e-01,0.000000000000000000e+00,2.313051908045192159e-02,2.817933295588140666e-02,0.000000000000000000e+00
9.535985259602192121e-01,0.000000000000000000e+00,1.647434698055838531e-02,2.992712705922232277e-02,0.000000000000000000e+00
9.544867122868405662e-01,0.000000000000000000e+00,1.640424372652046422e-02,2.910904398663899384e-02,0.000000000000000000e+00
9.525017811302693982e-01,0.000000000000000000e+00,2.035571095099324504e-02,2.714250791873737412e-02,0.000000000000000000e+00
9.544445591134582685e-01,0.000000000000000000e+00,1.734669275141717537e-02,2.820874813512463594e-02,0.000000000000000000e+00
9.547473377701627406e-01,0.000000000000000000e+00,1.607856333086829861e-02,2.917409889896880812e-02,0.000000000000000000e+00
9.527969704339380730e-01,0.000000000000000000e+00,1.762849818965182835e-02,2.957453137641009866e-02,0.000000000000000000e+00
9.593463934273986915e-01,0.000000000000000000e+00,9.983409705391067118e-03,3.067019686721034546e-02,0.000000000000000000e+00
9.512774342592992260e-01,0.000000000000000000e+00,2.062385166823620455e-02,2.809871407246477409e-02,0.000000000000000000e+00
9.486870928496448085e-01,0.000000000000000000e+00,2.425963653172576867e-02,2.705327061862947136e-02,0.000000000000000000e+00
9.566647427241388169e-01,0.000000000000000000e+00,1.337545207772826254e-02,2.995980519813285642e-02,0.000000000000000000e+00
9.538441187062689508e-01,0.000000000000000000e+00,1.709784816529553650e-02,2.905803312843538780e-02,0.000000000000000000e+00
9.563921601796954164e-01,0.000000000000000000e+00,1.372043096594485409e-02,2.988740885435974340e-02,0.000000000000000000e+00
9.530992543362681868e-01,0.000000000000000000e+00,1.725765250907393411e-02,2.964309315465783398e-02,0.000000000000000000e+00
9.562066637621386977e-01,0.000000000000000000e+00,1.538314347278469177e-02,2.841019276507662783e-02,0.000000000000000000e+00
9.580802625594033728e-01,0.000000000000000000e+00,1.344436536517952530e-02,2.847537207541700824e-02,0.000000000000000000e+00
9.578015531857987375e-01,0.000000000000000000e+00,1.137530788987112414e-02,3.082313892432997360e-02,0.000000000000000000e+00
9.535162825660465913e-01,0.000000000000000000e+00,1.713625154304052392e-02,2.934746589091292643e-02,0.000000000000000000e+00
9.618075620704925610e-01,0.000000000000000000e+00,8.024709762250396144e-03,3.016772816725690753e-02,0.000000000000000000e+00
9.531956823665054257e-01,0.000000000000000000e+00,1.949934570478486368e-02,2.730497192870970716e-02,0.000000000000000000e+00
9.549015956672498584e-01,0.000000000000000000e+00,1.648681085171391225e-02,2.861159348103627445e-02,0.000000000000000000e+00
9.514857803241228984e-01,0.000000000000000000e+00,2.055482758884979999e-02,2.795939208702733977e-02,0.000000000000000000e+00
9.524557945787852642e-01,0.000000000000000000e+00,1.981097569120256544e-02,2.773322973001216343e-02,0.000000000000000000e+00
9.513585913323254761e-01,0.000000000000000000e+00,1.833260279328212394e-02,3.030880587439232360e-02,0.000000000000000000e+00
9.571029037212368529e-01,0.000000000000000000e+00,1.359670235240609606e-02,2.930039392635714821e-02,0.000000000000000000e+00
9.575148925721773674e-01,0.000000000000000000e+00,1.121876079157675156e-02,3.126634663624597299e-02,0.000000000000000000e+00
9.566102695551500501e-01,0.000000000000000000e+00,1.335120159630297405e-02,3.003852884854700880e-02,0.000000000000000000e+00
9.524030107868253214e-01,0.000000000000000000e+00,1.841673244550926999e-02,2.918025676766549531e-02,0.000000000000000000e+00
9.562539398022916748e-01,0.000000000000000000e+00,1.337877140736054744e-02,3.036728879034778297e-02,0.000000000000000000e+00
9.580013237980907759e-01,0.000000000000000000e+00,1.302474572296319875e-02,2.897393047894600282e-02,0.000000000000000000e+00
9.616842149117048599e-01,0.000000000000000000e+00,7.421674567168315417e-03,3.089411052112673792e-02,0.000000000000000000e+00
9.524291359039529503e-01,0.000000000000000000e+00,1.895362668337831347e-02,2.861723741266879867e-02,0.000000000000000000e+00
9.565910536239724538e-01,0.000000000000000000e+00,1.310436979982257215e-02,3.030457657620490644e-02,0.000000000000000000e+00
9.533144664491131071e-01,0.000000000000000000e+00,1.694654525217488550e-02,2.973898829871196234e-02,0.000000000000000000e+00
9.537267160741570438e-01,0.000000000000000000e+00,1.780682408262901362e-02,2.846645984321394263e-02,0.000000000000000000e+00
9.571589326029998901e-01,0.000000000000000000e+00,1.349292128988846019e-02,2.934814610711179023e-02,0.000000000000000000e+00
9.597379090255280243e-01,0.000000000000000000e+00,9.560145166466643349e-03,3.070194580800526818e-02,0.000000000000000000e+00
9.573147850267761383e-01,0.000000000000000000e+00,1.303358233019600611e-02,2.965163264302800306e-02,0.000000000000000000e+00
9.554722412943366106e-01,0.000000000000000000e+00,1.508718961404722711e-02,2.944056909161615193e-02,0.000000000000000000e+00
9.543244237564729726e-01,0.000000000000000000e+00,1.727483881214173997e-02,2.840073743138528742e-02,0.000000000000000000e+00
9.550429779959507259e-01,0.000000000000000000e+00,1.585300304394700321e-02,2.910401896010214248e-02,0.000000000000000000e+00
9.509997937904869358e-01,0.000000000000000000e+00,2.029835725523524564e-02,2.870184895427789484e-02,0.000000000000000000e+00
9.543194515944454226e-01,0.000000000000000000e+00,1.675259655815054816e-02,2.892795184740403272e-02,0.000000000000000000e+00
9.577965019331683427e-01,0.000000000000000000e+00,1.176258165835330008e-02,3.044091640847840577e-02,0.000000000000000000e+00
9.537338271978852422e-01,0.000000000000000000e+00,1.695535815722502490e-02,2.931081464488972249e-02,0.000000000000000000e+00
9.526468794886054914e-01,0.000000000000000000e+00,1.865593494868658664e-02,2.869718556270775892e-02,0.000000000000000000e+00
9.572738296373739519e-01,0.000000000000000000e+00,1.377898851443791657e-02,2.894718184818807424e-02,0.000000000000000000e+00
9.528683216999642713e-01,0.000000000000000000e+00,1.975951769132826621e-02,2.737216060870746592e-02,0.000000000000000000e+00
9.531449449190455558e-01,0.000000000000000000e+00,1.800127745437778495e-02,2.885377762657665227e-02,0.000000000000000000e+00
9.524197322877360206e-01,0.000000000000000000e+00,1.861886162324677754e-02,2.896140608901724700e-02,0.000000000000000000e+00
9.534076287313720810e-01,0.000000000000000000e+00,1.656068489803892707e-02,3.003168637058902316e-02,0.000000000000000000e+00
9.593919295177304463e-01,0.000000000000000000e+00,1.011206296332835611e-02,3.049600751894108314e-02,0.000000000000000000e+00
9.579849997662723826e-01,0.000000000000000000e+00,1.198161291249023180e-02,3.003338732123730578e-02,0.000000000000000000e+00
9.547389837497727294e-01,0.000000000000000000e+00,1.415779005079109525e-02,3.110322619943612851e-02,0.000000000000000000e+00
9.562720296743316695e-01,0.000000000000000000e+00,1.480611737694911487e-02,2.892185294871906995e-02,0.000000000000000000e+00
9.505422927129061339e-01,0.000000000000000000e+00,2.110008796700227687e-02,2.835761932009166209e-02,0.000000000000000000e+00
9.584912010862468579e-01,0.000000000000000000e+00,1.153078387468969672e-02,2.997801503906345408e-02,0.000000000000000000e+00
9.588874104813849275e-01,0.000000000000000000e+00,1.113839045195623260e-02,2.997419906665883815e-02,0.000000000000000000e+00
9.550401624609621276e-01,0.000000000000000000e+00,1.635242054034026157e-02,2.860741699869749285e-02,0.000000000000000000e+00
9.609011275370274996e-01,0.000000000000000000e+00,8.479189266617871701e-03,3.061968319635459748e-02,0.000000000000000000e+00
9.611542707875000424e-01,0.000000000000000000e+00,7.750354273445387090e-03,3.109537493905454447e-02,0.000000000000000000e+00
9.588723560335087326e-01,0.000000000000000000e+00,1.165185393369655605e-02,2.947579003279466800e-02,0.000000000000000000e+00
9.543415565867225947e-01,0.000000000000000000e+00,1.754515787908899130e-02,2.811328553418837931e-02,0.000000000000000000e+00
9.549162187509281363e-01,0.000000000000000000e+00,1.631472271752906766e-02,2.876905853154274051e-02,0.000000000000000000e+00
9.531332047939593544e-01,0.000000000000000000e+00,1.853338826758729047e-02,2.833340693845334823e-02,0.000000000000000000e+00
9.505878710720980784e-01,0.000000000000000000e+00,2.087848267286877141e-02,2.853364625503305996e-02,0.000000000000000000e+00
9.432992119408690757e-01,1.012544991967184033e-02,1.846521578414276818e-02,2.811012235531630890e-02,0.000000000000000000e+00
9.577543066115591364e-01,0.000000000000000000e+00,1.244928977092323204e-02,2.979640361751777905e-02,0.000000000000000000e+00
9.535839220506417968e-01,0.000000000000000000e+00,1.901170320311752412e-02,2.740437474624077621e-02,0.000000000000000000e+00
9.458036580949127359e-01,0.000000000000000000e+00,2.784675375794649216e-02,2.634958814714066094e-02,0.000000000000000000e+00
9.553362681549719682e-01,0.000000000000000000e+00,1.556661441030374182e-02,2.909711743472427267e-02,0.000000000000000000e+00
9.533379129748230651e-01,0.000000000000000000e+00,1.692242124515622864e-02,2.973966578002074784e-02,0.000000000000000000e+00
9.507197398763023166e-01,0.000000000000000000e+00,2.022680679124793518e-02,2.905345333244981759e-02,0.000000000000000000e+00
9.525324833455395268e-01,0.000000000000000000e+00,1.932450492535044487e-02,2.814301172910993465e-02,0.000000000000000000e+00
9.552356239466737176e-01,0.000000000000000000e+00,1.597236390302933864e-02,2.879201215029692298e-02,0.000000000000000000e+00
9.484623624614503257e-01,0.000000000000000000e+00,2.347339060094743093e-02,2.806424693760213931e-02,0.000000000000000000e+00
9.562885953304832709e-01,0.000000000000000000e+00,1.466153672826137240e-02,2.904986794125532026e-02,0.000000000000000000e+00
9.613292653028470136e-01,0.000000000000000000e+00,8.085395010609612576e-03,3.058533968654325932e-02,0.000000000000000000e+00
9.550629906698487881e-01,0.000000000000000000e+00,1.637741550841442101e-02,2.855959382173686029e-02,0.000000000000000000e+00
9.577347277353500665e-01,0.000000000000000000e+00,1.391672049847533787e-02,2.834855176617459213e-02,0.000000000000000000e+00
9.566408852368250004e-01,0.000000000000000000e+00,1.392621543443452355e-02,2.943289932874061307e-02,0.000000000000000000e+00
9.508676939528571959e-01,0.000000000000000000e+00,2.049235060671143749e-02,2.863995544043137706e-02,0.000000000000000000e+00
9.536738107619777693e-01,0.000000000000000000e+00,1.722251560283730512e-02,2.910367363518482492e-02,0.000000000000000000e+00
9.569717323368288620e-01,0.000000000000000000e+00,1.255767975172828420e-02,3.047058791144278619e-02,0.000000000000000000e+00
9.535019731085786487e-01,0.000000000000000000e+00,1.729263727671400547e-02,2.920538961470729722e-02,0.000000000000000000e+00
9.550046714252320434e-01,0.000000000000000000e+00,1.468739660397591976e-02,3.030793197079209231e-02,0.000000000000000000e+00
9.598289411456980558e-01,0.000000000000000000e+00,9.736017489799745489e-03,3.043504136450215017e-02,0.000000000000000000e+00
9.563755676043205201e-01,0.000000000000000000e+00,1.281339904642788026e-02,3.081103334925168122e-02,0.000000000000000000e+00
9.525813402350327141e-01,0.000000000000000000e+00,1.774228448361930138e-02,2.967637528134792896e-02,0.000000000000000000e+00
9.588576159076166450e-01,0.000000000000000000e+00,1.071750360739712540e-02,3.042488048498614983e-02,0.000000000000000000e+00
9.545078067891210605e-01,0.000000000000000000e+00,1.699344210806238639e-02,2.849875110281651150e-02,0.000000000000000000e+00
9.516418057780074991e-01,0.000000000000000000e+00,2.076574809772122401e-02,2.759244612427139837e-02,0.000000000000000000e+00
9.568608279184072085e-01,0.000000000000000000e+00,1.395076030499407295e-02,2.918841177659859537e-02,0.000000000000000000e+00
9.527320832173817866e-01,0.000000000000000000e+00,1.804252512741473524e-02,2.922539165520340876e-02,0.000000000000000000e+00
9.593035336499272647e-01,0.000000000000000000e+00,1.073427166180881791e-02,2.996219468826401625e-02,0.000000000000000000e+00
9.538411193915885544e-01,0.000000000000000000e+00,1.695429096070759020e-02,2.920458964770381374e-02,0.000000000000000000e+00
9.578697272990630562e-01,0.000000000000000000e+00,1.124362818271746819e-02,3.088664451821941312e-02,0.000000000000000000e+00
9.536277567346478357e-01,0.000000000000000000e+00,1.845812076690795528e-02,2.791412249844433049e-02,0.000000000000000000e+00
9.522806321238180827e-01,0.000000000000000000e+00,2.006667853799589882e-02,2.765268933818580341e-02,0.000000000000000000e+00
9.533602115061098337e-01,0.000000000000000000e+00,1.661129150127294701e-02,3.002849699261742750e-02,0.000000000000000000e+00
9.541323222048917474e-01,0.000000000000000000e+00,1.683176488330410600e-02,2.903591291180408762e-02,0.000000000000000000e+00
9.559779432668036314e-01,0.000000000000000000e+00,1.517311892376833546e-02,2.884893780942801578e-02,0.000000000000000000e+00
9.524023374209702464e-01,0.000000000000000000e+00,1.995974758336263588e-02,2.763791499566697896e-02,0.000000000000000000e+00
9.617104468912615056e-01,0.000000000000000000e+00,8.783721776196296016e-03,2.950583133254220877e-02,0.000000000000000000e+00
9.553271709705073444e-01,0.000000000000000000e+00,1.443074438354874714e-02,3.024208464594393617e-02,0.000000000000000000e+00
9.529701048193855994e-01,0.000000000000000000e+00,1.864109892173787877e-02,2.838879625887653566e-02,0.000000000000000000e+00
9.543733418257475121e-01,0.000000000000000000e+00,1.617708956874877244e-02,2.944956860550354549e-02,0.000000000000000000e+00
9.561178477493046390e-01,0.000000000000000000e+00,1.451069214965422516e-02,2.937146010104113580e-02,0.000000000000000000e+00
9.546706405837311893e-01,0.000000000000000000e+00,1.633248260482534839e-02,2.899687681144341375e-02,0.000000000000000000e+00
9.513260764362350130e-01,0.000000000000000000e+00,1.968941671720269432e-02,2.898450684656221632e-02,0.000000000000000000e+00
9.517620711799968936e-01,0.000000000000000000e+00,1.911466228925699437e-02,2.912326653074612595e-02,0.000000000000000000e+00
9.541226175169323920e-01,0.000000000000000000e+00,1.751472670619669270e-02,2.836265577687083206e-02,0.000000000000000000e+00
9.514850262265324154e-01,0.000000000000000000e+00,1.997282076505641629e-02,2.854215300841122377e-02,0.000000000000000000e+00
9.564552454204879872e-01,0.000000000000000000e+00,1.405522270529868493e-02,2.948953187421327407e-02,0.000000000000000000e+00
9.585768655053371612e-01,0.000000000000000000e+00,1.055996783072029807e-02,3.086316666394256850e-02,0.000000000000000000e+00
9.536393593249725686e-01,0.000000000000000000e+00,1.693244038364832837e-02,2.942820029137901278e-02,0.000000000000000000e+00
9.561027893499043362e-01,0.000000000000000000e+00,1.422706426173050466e-02,2.967014638836510537e-02,0.000000000000000000e+00
9.565074832114268677e-01,0.000000000000000000e+00,1.441407811853309857e-02,2.907843867004011526e-02,0.000000000000000000e+00
9.549802380477625530e-01,0.000000000000000000e+00,1.635196460258370524e-02,2.866779734965362383e-02,0.000000000000000000e+00
9.559379704368634600e-01,0.000000000000000000e+00,1.328617284401027200e-02,3.077585671912638765e-02,0.000000000000000000e+00
9.584290677294692307e-01,0.000000000000000000e+00,1.118252531674075213e-02,3.038840695379016812e-02,0.000000000000000000e+00
9.619952111770738723e-01,0.000000000000000000e+00,6.683240758125347236e-03,3.132154806480087067e-02,0.000000000000000000e+00
9.509696478417384302e-01,0.000000000000000000e+00,1.918576090148397736e-02,2.984459125677760630e-02,0.000000000000000000e+00
9.563107081843759127e-01,0.000000000000000000e+00,1.414458743367695906e-02,2.954470438194710391e-02,0.000000000000000000e+00
9.518627713718966765e-01,0.000000000000000000e+00,1.894693460766641580e-02,2.919029402043709504e-02,0.000000000000000000e+00
9.532200191170751014e-01,0.000000000000000000e+00,1.683685657557194848e-02,2.994312430735280792e-02,0.000000000000000000e+00
9.474811055129588322e-01,0.000000000000000000e+00,2.458302334720765051e-02,2.793587113983345485e-02,0.000000000000000000e+00
9.553163279028571431e-01,0.000000000000000000e+00,1.511065345388256514e-02,2.957301864326044097e-02,0.000000000000000000e+00
9.207225222802845055e-01,0.000000000000000000e+00,1.017497564394874085e-02,3.024605161472357015e-02,3.885645046104320433e-02
9.553062084088451700e-01,0.000000000000000000e+00,1.543372068024618030e-02,2.926007091090860116e-02,0.000000000000000000e+00
9.517709056953171931e-01,0.000000000000000000e+00,1.992480366064313529e-02,2.830429064403968201e-02,0.000000000000000000e+00
9.566558765021713207e-01,0.000000000000000000e+00,1.396384776251802240e-02,2.938027573531071940e-02,0.000000000000000000e+00
9.490235709843946044e-01,0.000000000000000000e+00,2.394517206592942232e-02,2.703125694967597331e-02,0.000000000000000000e+00
9.541371489158784192e-01,0.000000000000000000e+00,1.628601261160932817e-02,2.957683847251242615e-02,0.000000000000000000e+00
9.511948113948008876e-01,0.000000000000000000e+00,2.002069146023988111e-02,2.878449714495944986e-02,0.000000000000000000e+00
9.610100326420208949e-01,0.000000000000000000e+00,8.725840513253165995e-03,3.026412684472594428e-02,0.000000000000000000e+00
9.557610975772450335e-01,0.000000000000000000e+00,1.438153582834271992e-02,2.985736659441233509e-02,0.000000000000000000e+00
9.552625699812771209e-01,3.708153922226171788e-03,1.122380825189455388e-02,2.980546784460228610e-02,0.000000000000000000e+00
9.571896453847149600e-01,0.000000000000000000e+00,1.197220783723157086e-02,3.083814677805348306e-02,0.000000000000000000e+00
9.577180867204202475e-01,0.000000000000000000e+00,1.131832605000262712e-02,3.096358722957723644e-02,0.000000000000000000e+00
9.563508112827545649e-01,0.000000000000000000e+00,1.441779490422031088e-02,2.923139381302502365e-02,0.000000000000000000e+00
