# DNRN, Denitrification, Anammox, Nitrite Oxidation, CaCO3 Dissolution 
9.591463376131817986e-01,0.000000000000000000e+00,1.059968777386658713e-02,3.025397461295166110e-02,0.000000000000000000e+00
9.563910608222747634e-01,0.000000000000000000e+00,1.379451177508560916e-02,2.981442740263970381e-02,0.000000000000000000e+00
9.563159386346116175e-01,0.000000000000000000e+00,1.392469492795788549e-02,2.975936643743061147e-02,0.000000000000000000e+00
9.187629736161458949e-01,0.000000000000000000e+00,2.207878165515526903e-02,2.661221613183277143e-02,3.254602859686613753e-02
9.588148913564479292e-01,0.000000000000000000e+00,1.120682876495302481e-02,2.997827987859904078e-02,0.000000000000000000e+00
9.116838979105614804e-01,5.466141692463029333e-02,5.450938975811421040e-03,2.820374618899662914e-02,0.000000000000000000e+00
9.595893435399355242e-01,0.000000000000000000e+00,8.926858486401498260e-03,3.148379797366288729e-02,0.000000000000000000e+00
9.604649418388301330e-01,0.000000000000000000e+00,9.887753319739499627e-03,2.964730484143032405e-02,0.000000000000000000e+00
9.139886250396296319e-01,4.922437838181573100e-02,8.869083231580783891e-03,2.791791334697391741e-02,0.000000000000000000e+00
9.566820509856688304e-01,0.000000000000000000e+00,1.407353219876223901e-02,2.924441681556884387e-02,0.000000000000000000e+00
9.182346609679679084e-01,0.000000000000000000e+00,2.046520707277759213e-02,2.767888022214739022e-02,3.362125173710704684e-02
8.950904085663656806e-01,6.239373236139744705e-02,1.735587429507773685e-02,2.515998477715917017e-02,0.000000000000000000e+00
9.589547418718065153e-01,0.000000000000000000e+00,1.049233708931120515e-02,3.055292103888226571e-02,0.000000000000000000e+00
9.569321876850584996e-01,0.000000000000000000e+00,1.430065869473120914e-02,2.876715362021014036e-02,0.000000000000000000e+00
9.581263043575749538e-01,0.000000000000000000e+00,1.061936481763894533e-02,3.125433082478604185e-02,0.000000000000000000e+00
9.453001602183700447e-01,6.312222904661426645e-03,2.071996536904651895e-02,2.766765150792211206e-02,0.000000000000000000e+00
9.633184463812082265e-01,0.000000000000000000e+00,6.601040759294756269e-03,3.008051285949693565e-02,0.000000000000000000e+00
9.259005553806995970e-01,0.000000000000000000e+00,1.644489069909357837e-02,2.795500696757121512e-02,2.969954695263557140e-02
9.383868080434245584e-01,1.538662246240489820e-02,1.933820983748910788e-02,2.688835965668158468e-02,0.000000000000000000e+00
9.484252982152376887e-01,3.658590609972617747e-03,2.048945233428023718e-02,2.742665884050954350e-02,0.000000000000000000e+00
9.369703539580089835e-01,0.000000000000000000e+00,1.419732821053917675e-02,2.991513256605964760e-02,1.891718526539198572e-02
9.563928433169609500e-01,0.000000000000000000e+00,1.404341334669012738e-02,2.956374333634895560e-02,0.000000000000000000e+00
9.537541239103241031e-01,0.000000000000000000e+00,1.689434483301210932e-02,2.935153125666399576e-02,0.000000000000000000e+00
9.568511068820977350e-01,0.000000000000000000e+00,1.354512286094344473e-02,2.960377025695886885e-02,0.000000000000000000e+00
9.613675817386961864e-01,0.000000000000000000e+00,8.598480198916826078e-03,3.003393806238704652e-02,0.000000000000000000e+00
9.534864960381370658e-01,0.000000000000000000e+00,1.784252177880430237e-02,2.867098218305877758e-02,0.000000000000000000e+00
9.247677613427703891e-01,0.000000000000000000e+00,1.336710484951636815e-02,2.913242272415140013e-02,3.273271108356174547e-02
9.535752499048419928e-01,0.000000000000000000e+00,1.824680201198566887e-02,2.817794808317248059e-02,0.000000000000000000e+00
9.211741075542722035e-01,8.449796011133667642e-03,1.409018581843598725e-02,2.817877584381869513e-02,2.810713477233928170e-02
9.568717253991012583e-01,0.000000000000000000e+00,1.300250974098872934e-02,3.012576485990980935e-02,0.000000000000000000e+00
9.610414035833325652e-01,0.000000000000000000e+00,8.641375456010902401e-03,3.031722096065654626e-02,0.000000000000000000e+00
9.254768259463114211e-01,4.136839077388449609e-02,4.601984622129693184e-03,2.855279865767422140e-02,0.000000000000000000e+00
9.568186259653329584e-01,0.000000000000000000e+00,1.340078762615964925e-02,2.978058640850734726e-02,0.000000000000000000e+00
9.536268049575187256e-01,0.000000000000000000e+00,1.276511402579351591e-02,3.130803516796618752e-02,2.300045848721743620e-03
9.295785600860608788e-01,3.684877791603709263e-02,4.406345524753315333e-03,2.916631647314876438e-02,0.000000000000000000e+00
9.560359236529600846e-01,0.000000000000000000e+00,1.339857190076162476e-02,3.056550444627831667e-02,0.000000000000000000e+00
9.585355306453858804e-01,0.000000000000000000e+00,1.143145521353122751e-02,3.003301414108277070e-02,0.000000000000000000e+00
9.532522538171024351e-01,0.000000000000000000e+00,1.740741881807072317e-02,2.934032736482687295e-02,0.000000000000000000e+00
9.499163111273518645e-01,0.000000000000000000e+00,2.301258055552879433e-02,2.707110831711925444e-02,0.000000000000000000e+00
9.560675306182627731e-01,0.000000000000000000e+00,1.317919613469793749e-02,3.075327324703923393e-02,0.000000000000000000e+00
9.422771654827447607e-01,0.000000000000000000e+00,9.363704016299930627e-03,3.107632774223278646e-02,1.728280275872264363e-02
9.442850300695136978e-01,0.000000000000000000e+00,2.197544007961233642e-02,2.789338880704603923e-02,5.846141043827833735e-03
9.530794070096072490e-01,0.000000000000000000e+00,1.816747881793137967e-02,2.875311417246122908e-02,0.000000000000000000e+00
9.487799904011987584e-01,0.000000000000000000e+00,2.361155317667274975e-02,2.760845642212846063e-02,0.000000000000000000e+00
9.561046324855856371e-01,0.000000000000000000e+00,1.376617909659543122e-02,3.012918841781880505e-02,0.000000000000000000e+00
9.558046164881286444e-01,0.000000000000000000e+00,1.510989283985003651e-02,2.908549067202136768e-02,0.000000000000000000e+00
9.498139244450743979e-01,0.000000000000000000e+00,2.139173655412463654e-02,2.879433900080100028e-02,0.000000000000000000e+00
9.605567788009173880e-01,0.000000000000000000e+00,8.150087768557487053e-03,3.129313343052514407e-02,0.000000000000000000e+00
9.564988798778947254e-01,0.000000000000000000e+00,1.315926705107340298e-02,3.034185307103190107e-02,0.000000000000000000e+00
9.280804614983226841e-01,0.000000000000000000e+00,1.706732236645662829e-02,2.794171197221018491e-02,2.691050416301041942e-02
9.188525812092909195e-01,5.084608489869527764e-02,1.813439382208171169e-03,2.848789450980562452e-02,0.000000000000000000e+00
9.544039016932431840e-01,0.000000000000000000e+00,1.650575776708355230e-02,2.909034053967334693e-02,0.000000000000000000e+00
9.562531315189238823e-01,0.000000000000000000e+00,1.314359257652075036e-02,3.060327590455544713e-02,0.000000000000000000e+00
9.346468679867404594e-01,2.476609696717893203e-02,1.229342868020934752e-02,2.829360636587119338e-02,0.000000000000000000e+00
9.522017056719187522e-01,0.000000000000000000e+00,1.885542048434222379e-02,2.894287384373905175e-02,0.000000000000000000e+00
8.901825031386669806e-01,7.814892676803804339e-02,3.959717508399776889e-03,2.770885258489511407e-02,0.000000000000000000e+00
9.575673476505356385e-01,0.000000000000000000e+00,1.274898314926629049e-02,2.968366920019806579e-02,0.000000000000000000e+00
9.057460230904198495e-01,6.324621005383687655e-02,2.361737159096210636e-03,2.864602969664720861e-02,0.000000000000000000e+00
9.587869230368264439e-01,0.000000000000000000e+00,1.089772822884709814e-02,3.031534873432648394e-02,0.000000000000000000e+00
9.655962355902180105e-01,0.000000000000000000e+00,2.468318028126961858e-03,3.193544638165509569e-02,0.000000000000000000e+00
9.574121032945965837e-01,0.000000000000000000e+00,1.276219943521287800e-02,2.982569727019048628e-02,0.000000000000000000e+00
9.549995639077880627e-01,0.000000000000000000e+00,1.646062541014114283e-02,2.853981068207083957e-02,0.000000000000000000e+00
9.053783609838695901e-01,0.000000000000000000e+00,1.804766527616717686e-02,2.713130653820378796e-02,4.944266720175958391e-02
8.795303866644867963e-01,7.489952385175477345e-02,1.171843958842156211e-02,2.687561817341610135e-02,6.976031721920660129e-03
9.573375276652139609e-01,0.000000000000000000e+00,1.341962741497053878e-02,2.924284491981535977e-02,0.000000000000000000e+00
9.516667857994097757e-01,0.000000000000000000e+00,2.052010118391680085e-02,2.781311301667345123e-02,0.000000000000000000e+00
9.540960413954509001e-01,0.000000000000000000e+00,1.614090650312545450e-02,2.976305210142358645e-02,0.000000000000000000e+00
8.886892735161195933e-01,0.000000000000000000e+00,1.782538068835688716e-02,2.748854897819438120e-02,6.599679681732914527e-02
9.581352134181366775e-01,0.000000000000000000e+00,1.176874484303621488e-02,3.009604173882710759e-02,0.000000000000000000e+00
9.543819591475800612e-01,4.193866119070572933e-03,1.221688789419488226e-02,2.920728683915450874e-02,0.000000000000000000e+00
9.546058665385160902e-01,0.000000000000000000e+00,1.608251028365589169e-02,2.931162317782815691e-02,0.000000000000000000e+00
9.547089268390481775e-01,0.000000000000000000e+00,1.591588343931308117e-02,2.937518972163882455e-02,0.000000000000000000e+00
9.381882491795151546e-01,2.538669938564870610e-02,5.890005273609726262e-03,3.053504616122618490e-02,0.000000000000000000e+00
9.438678561745693640e-01,0.000000000000000000e+00,1.986910355883276039e-02,2.769514620659660128e-02,8.567894060001109494e-03
9.544366755631719101e-01,0.000000000000000000e+00,1.675793265676365704e-02,2.880539178006460629e-02,0.000000000000000000e+00
9.585536721423195683e-01,0.000000000000000000e+00,1.150930805238024358e-02,2.993701980530009271e-02,0.000000000000000000e+00
9.001815369516218412e-01,6.437625507111673084e-02,8.354445231779000780e-03,2.708776274548262142e-02,0.000000000000000000e+00
9.543952466975446081e-01,0.000000000000000000e+00,1.763610307978821443e-02,2.796865022266708037e-02,0.000000000000000000e+00
9.204243217407718225e-01,4.137100865132282285e-02,9.746991436524240354e-03,2.845767817138106226e-02,0.000000000000000000e+00
9.503898257731261401e-01,0.000000000000000000e+00,2.161596289830241407e-02,2.799421132857149094e-02,0.000000000000000000e+00
9.214752983466143466e-01,0.000000000000000000e+00,1.584146645347805221e-02,2.856982152770377870e-02,3.411341367220369070e-02
9.503052041625914548e-01,0.000000000000000000e+00,2.203221678663712033e-02,2.766257905077138327e-02,0.000000000000000000e+00
9.583782938973232080e-01,0.000000000000000000e+00,1.113477266316616719e-02,3.048693343951063006e-02,0.000000000000000000e+00
9.071262896742604553e-01,5.681766316759783580e-02,8.578521651167089410e-03,2.747752550697463853e-02,0.000000000000000000e+00
9.453510884355993404e-01,2.432536552691497156e-02,0.000000000000000000e+00,3.032354603748576780e-02,0.000000000000000000e+00
9.327162642149136040e-01,2.546942638779202753e-02,8.720822076277326071e-03,2.912976319850545462e-02,3.963724122511546114e-03
8.989966251139992481e-01,3.321245513944679623e-02,1.028625978483058319e-02,2.778619450472958122e-02,2.971846545699374786e-02
9.286712458373194146e-01,0.000000000000000000e+00,1.537925984578989748e-02,2.952493609729947566e-02,2.642455821959128343e-02
9.467466393424571747e-01,1.873829900098526735e-02,4.175821493907245531e-03,3.033924016265034107e-02,0.000000000000000000e+00
8.901852730386715651e-01,8.080248039349241518e-02,1.406080574564411980e-03,2.760616599327156417e-02,0.000000000000000000e+00
9.563523242277763847e-01,0.000000000000000000e+00,1.288873484740916259e-02,3.075894092481425840e-02,0.000000000000000000e+00
9.243089592829494272e-01,1.994471201361305499e-02,1.451666614748678419e-02,2.907094112794169141e-02,1.215872142800922609e-02
9.613560135367699155e-01,0.000000000000000000e+00,8.491889258104033666e-03,3.015209720512621733e-02,0.000000000000000000e+00
9.548668854294896091e-01,0.000000000000000000e+00,1.576282645642297989e-02,2.937028811408751161e-02,0.000000000000000000e+00
9.463709754850051503e-01,1.298667410661296859e-02,1.279078795225676267e-02,2.785156245612503342e-02,0.000000000000000000e+00
9.586137902195822624e-01,0.000000000000000000e+00,1.016606866728184469e-02,3.122014111313589982e-02,0.000000000000000000e+00
9.590193703416139970e-01,0.000000000000000000e+00,1.059094551063274360e-02,3.038968414775323687e-02,0.000000000000000000e+00
9.377037171206034083e-01,0.000000000000000000e+00,1.225343768043866098e-02,3.056896330975006695e-02,1.947388188920798346e-02
9.595432912332457764e-01,0.000000000000000000e+00,9.993004724861125759e-03,3.046370404189320188e-02,0.000000000000000000e+00
9.599580685531009516e-01,0.000000000000000000e+00,9.256406834292154467e-03,3.078552461260676554e-02,0.000000000000000000e+00
9.608753083893012414e-01,1.898578708390164394e-03,6.561211308996117708e-03,3.066490159331253240e-02,0.000000000000000000e+00
9.495004362538822518e-01,0.000000000000000000e+00,2.336213660814851628e-02,2.713742713796916256e-02,0.000000000000000000e+00
8.961717284150171325e-01,5.122402641353897279e-02,1.178220440825498809e-02,2.702403446682295415e-02,1.379800629636590385e-02
9.531436740100838190e-01,0.000000000000000000e+00,1.646365065964777025e-02,3.039267533026838303e-02,0.000000000000000000e+00
9.215822455442930217e-01,3.928790919529676073e-02,1.160788653146777212e-02,2.752195872894243681e-02,0.000000000000000000e+00
9.606038148382123332e-01,0.000000000000000000e+00,8.427287822301005385e-03,3.096889733948671175e-02,0.000000000000000000e+00
9.570116148819314272e-01,0.000000000000000000e+00,1.272969563421855535e-02,3.025868948385000354e-02,0.000000000000000000e+00
9.564118641085759265e-01,0.000000000000000000e+00,1.479663876788091074e-02,2.879149712354315410e-02,0.000000000000000000e+00
9.100620120027909099e-01,5.380693015039720445e-02,7.398756703114873871e-03,2.873230114369691029e-02,0.000000000000000000e+00
9.584696523001952073e-01,0.000000000000000000e+00,1.190724806736262464e-02,2.962309963244220273e-02,0.000000000000000000e+00
9.511581478483187579e-01,0.000000000000000000e+00,1.950243821518036005e-02,2.933941393650102425e-02,0.000000000000000000e+00
9.572832411329981195e-01,0.000000000000000000e+00,1.301932049348650776e-02,2.969743837351551327e-02,0.000000000000000000e+00
9.570147174609341389e-01,0.000000000000000000e+00,1.207793627008177384e-02,3.090734626898418436e-02,0.000000000000000000e+00
9.535766418139255407e-01,0.000000000000000000e+00,1.839997911256511381e-02,2.802337907350923446e-02,0.000000000000000000e+00
8.806793480690953135e-01,8.682015014525781837e-02,4.638661596019708067e-03,2.786184018962702125e-02,0.000000000000000000e+00
9.492713489215913736e-01,6.501958316682509599e-03,1.513611618961577948e-02,2.909057657211041800e-02,0.000000000000000000e+00
9.620811245135815204e-01,0.000000000000000000e+00,6.871053951270629338e-03,3.104782153514775572e-02,0.000000000000000000e+00
9.496114074411775574e-01,0.000000000000000000e+00,2.232368678653567223e-02,2.806490577228676342e-02,0.000000000000000000e+00
9.518719234246768579e-01,0.000000000000000000e+00,1.935469188644629163e-02,2.877338468887706557e-02,0.000000000000000000e+00
9.513331132682737445e-01,0.000000000000000000e+00,1.988720451255282864e-02,2.877968221917335395e-02,0.000000000000000000e+00
9.177247910507873030e-01,4.227642323660136398e-02,1.145734018020704362e-02,2.795662528538731678e-02,5.848202470169782709e-04
9.016296652795439126e-01,5.890074536909314928e-02,1.223683521297177536e-02,2.723275413839119918e-02,0.000000000000000000e+00
9.553937300033523705e-01,0.000000000000000000e+00,1.535135633248697375e-02,2.925491366416070604e-02,0.000000000000000000e+00
9.275908817277310758e-01,3.150974010517540447e-02,1.291270730842034899e-02,2.798667085867315857e-02,0.000000000000000000e+00
9.045456069392108223e-01,5.707155014292293604e-02,1.061618890655927940e-02,2.776665401130679403e-02,0.000000000000000000e+00
9.424638386192416561e-01,1.502592595783478271e-02,1.423961703187510627e-02,2.827061839104844793e-02,0.000000000000000000e+00
9.569510701422706545e-01,0.000000000000000000e+00,1.411990245335180243e-02,2.892902740437743384e-02,0.000000000000000000e+00
9.536251184356998589e-01,0.000000000000000000e+00,1.653014505634767609e-02,2.984473650795251010e-02,0.000000000000000000e+00
9.267781468051661253e-01,0.000000000000000000e+00,1.805230698452009105e-02,2.840994442070461298e-02,2.675960178960919145e-02
9.267888457760503629e-01,3.291043438591335912e-02,1.196016512529913915e-02,2.834055471273713711e-02,0.000000000000000000e+00
9.580850865787813309e-01,0.000000000000000000e+00,1.279894821139381834e-02,2.911596520982491151e-02,0.000000000000000000e+00
8.829086449847295404e-01,5.640934521768982413e-02,1.124621893312088144e-02,2.629504488507382332e-02,2.314074597938606259e-02
9.196641449668927493e-01,4.617953657764278796e-02,5.151191550244843889e-03,2.900512690521961714e-02,0.000000000000000000e+00
9.400537780513623654e-01,9.209068583104667791e-03,2.346465262451725292e-02,2.727250074101564975e-02,0.000000000000000000e+00
9.329677202118207280e-01,0.000000000000000000e+00,1.549573074406570931e-02,2.920864780463763855e-02,2.232790123947615488e-02
9.499677606966054899e-01,0.000000000000000000e+00,2.110880926851721115e-02,2.892343003487714975e-02,0.000000000000000000e+00
9.621003243224289792e-01,0.000000000000000000e+00,7.265306382311489779e-03,3.063436929525937061e-02,0.000000000000000000e+00
9.610143585751222961e-01,0.000000000000000000e+00,7.761476453298317944e-03,3.122416497157927753e-02,0.000000000000000000e+00
9.482675780749539873e-01,9.665965531137748687e-03,1.332972474612133598e-02,2.873673164778672504e-02,0.000000000000000000e+00
9.577514384239873557e-01,0.000000000000000000e+00,1.250710973697236397e-02,2.974145183904044337e-02,0.000000000000000000e+00
9.647837887499326470e-01,0.000000000000000000e+00,3.382963905257733040e-03,3.183324734480951629e-02,0.000000000000000000e+00
9.594112448092637635e-01,1.551838930019652698e-03,8.182500860414700095e-03,3.085441540030199256e-02,0.000000000000000000e+00
9.073926012861105450e-01,0.000000000000000000e+00,1.527785595991816396e-02,2.838740141616525464e-02,4.894214133780600690e-02
9.455837779066575965e-01,1.290926364712897088e-02,1.122790316372598851e-02,3.027905528248734865e-02,0.000000000000000000e+00
8.527271475410168611e-01,1.205461301976872707e-01,0.000000000000000000e+00,2.672672226129587866e-02,0.000000000000000000e+00
9.422383674208670845e-01,1.558698525853739400e-02,1.359958290516967774e-02,2.857506441542595824e-02,0.000000000000000000e+00
9.568464307004557190e-01,0.000000000000000000e+00,1.470506576936150486e-02,2.844850353018274838e-02,0.000000000000000000e+00
9.573382745655772963e-01,0.000000000000000000e+00,1.305272641649381747e-02,2.960899901792887409e-02,0.000000000000000000e+00
9.366303890433892443e-01,2.273650244216492491e-02,1.185969453189424788e-02,2.877341398255159680e-02,0.000000000000000000e+00
9.316136055108306113e-01,2.479406886504022592e-02,1.547427212529989271e-02,2.811805349882918331e-02,0.000000000000000000e+00
9.475637170746128435e-01,1.065880699767790714e-02,1.296721204686216225e-02,2.881026388084726927e-02,0.000000000000000000e+00
9.565657338460962222e-01,0.000000000000000000e+00,1.359271982049345059e-02,2.984154633341022309e-02,0.000000000000000000e+00
9.389596030780871239e-01,0.000000000000000000e+00,1.648112735526633538e-02,3.002971657686768700e-02,1.452955298977899601e-02
8.629767463702940899e-01,1.082881852985234095e-01,0.000000000000000000e+00,2.581719698710922828e-02,2.917871344073075419e-03
9.598380512813510235e-01,0.000000000000000000e+00,8.984548460762775343e-03,3.117740025788636252e-02,0.000000000000000000e+00
9.238968811770630341e-01,0.000000000000000000e+00,1.568140735213853845e-02,2.872689575691307617e-02,3.169481571388527846e-02
7.857931324468034884e-01,1.879798977579038022e-01,4.402202531911216486e-03,2.182476726338156148e-02,0.000000000000000000e+00
9.405434417282488857e-01,0.000000000000000000e+00,2.052679459774226292e-02,2.774452342922207465e-02,1.118524024478675764e-02
9.501160791416038975e-01,0.000000000000000000e+00,2.189506756633046933e-02,2.798885329206557762e-02,0.000000000000000000e+00
9.246962443774812135e-01,3.472550126105842377e-02,1.337666031533736241e-02,2.720159404612293094e-02,0.000000000000000000e+00
9.541272230725088566e-01,8.489631342877000317e-03,7.823556734221616404e-03,2.955958885039257009e-02,0.000000000000000000e+00
9.109607258519420991e-01,0.000000000000000000e+00,1.728899060097201928e-02,2.844074614892140931e-02,4.330953739816434389e-02
8.906762848344199623e-01,7.548880122924754577e-02,6.405643204071979728e-03,2.742927073226060497e-02,0.000000000000000000e+00
9.320573531739959616e-01,0.000000000000000000e+00,1.853612693021900598e-02,2.854862781586966700e-02,2.085789207991527866e-02
9.107524832472720933e-01,5.532169358405329002e-02,4.301470134150820607e-03,2.962435303452396959e-02,0.000000000000000000e+00
9.286053113532001246e-01,3.041049435664891151e-02,1.296920891309685277e-02,2.801498537705416139e-02,0.000000000000000000e+00
9.218366107490373329e-01,3.498796105308489557e-02,1.563478661722494598e-02,2.754064158065272147e-02,0.000000000000000000e+00
9.539001771963891985e-01,0.000000000000000000e+00,1.710777570261865638e-02,2.899204710099204108e-02,0.000000000000000000e+00
8.880588404258020763e-01,7.647857695219556495e-02,9.327690327965964742e-03,2.613489229403635414e-02,0.000000000000000000e+00
9.573841949766717097e-01,0.000000000000000000e+00,1.230740390684172125e-02,3.030840111648673216e-02,0.000000000000000000e+00
9.543365277393047741e-01,0.000000000000000000e+00,1.532780777851093165e-02,3.033566448218424916e-02,0.000000000000000000e+00
9.560446497852561620e-01,0.000000000000000000e+00,1.485718206846260020e-02,2.909816814628116838e-02,0.000000000000000000e+00
9.386107533659794333e-01,1.980665769007919699e-02,1.232986591172355491e-02,2.925272303221793449e-02,0.000000000000000000e+00
8.985556891185170203e-01,6.999265756367938074e-02,2.209644488121199034e-03,2.924200882968234355e-02,0.000000000000000000e+00
9.404656980169400216e-01,2.305393450465755695e-02,7.489787150273625495e-03,2.899058032812871014e-02,0.000000000000000000e+00
8.858754823969066106e-01,8.001806895155035015e-02,7.167121399436978540e-03,2.693932725210612319e-02,0.000000000000000000e+00
9.337770545347419127e-01,2.519578190789273711e-02,1.213597985820974445e-02,2.889118369915577231e-02,0.000000000000000000e+00
8.372675210134377100e-01,1.318802179035195310e-01,6.956517644220318319e-03,2.389574343882255175e-02,0.000000000000000000e+00
9.559681588451385270e-01,0.000000000000000000e+00,1.511822859135805198e-02,2.891361256350360662e-02,0.000000000000000000e+00
8.960817451844562687e-01,6.929239770179010383e-02,7.411570805723648528e-03,2.721428630802984888e-02,0.000000000000000000e+00
9.020645829940200366e-01,6.323832272146331923e-02,6.546171070071472864e-03,2.815092321444510534e-02,0.000000000000000000e+00
9.549689731453875341e-01,0.000000000000000000e+00,1.548305543816718040e-02,2.954797141644546765e-02,0.000000000000000000e+00
9.570578534182202501e-01,0.000000000000000000e+00,1.343982934896872754e-02,2.950231723281113508e-02,0.000000000000000000e+00
8.734331868616780348e-01,0.000000000000000000e+00,1.671491770329856796e-02,2.567353857445830306e-02,8.417835686056499012e-02
9.590549060097730560e-01,0.000000000000000000e+00,1.031896592032009730e-02,3.062612806990686054e-02,0.000000000000000000e+00
8.874041214992011151e-01,7.093164513922284309e-02,1.669403981859884575e-02,2.497019354297710589e-02,0.000000000000000000e+00
9.556445969912492622e-01,0.000000000000000000e+00,1.436101304138750687e-02,2.999438996736309912e-02,0.000000000000000000e+00
9.554686789478210596e-01,0.000000000000000000e+00,1.564081728880218833e-02,2.889050376337673476e-02,0.000000000000000000e+00
9.560572782903814515e-01,0.000000000000000000e+00,1.397557007282552652e-02,2.996715163679315036e-02,0.000000000000000000e+00
8.774955467664041775e-01,8.664269384349637670e-02,1.074865025554445214e-02,2.511310913455500754e-02,0.000000000000000000e+00
9.494353715831023166e-01,0.000000000000000000e+00,1.291113641557390182e-02,3.047155645781315231e-02,7.181935543510668297e-03
9.110351252541485367e-01,4.653255543691366125e-02,1.588481838302811117e-02,2.654750092590976371e-02,0.000000000000000000e+00
9.209759259469718629e-01,3.710632157437666195e-02,1.401787466312438661e-02,2.789987781552707991e-02,0.000000000000000000e+00
9.538026764361554610e-01,0.000000000000000000e+00,1.772479845267611528e-02,2.847252511116852430e-02,0.000000000000000000e+00
9.524776197068245409e-01,4.852616827714217179e-03,1.361677695671809941e-02,2.905298650874294300e-02,0.000000000000000000e+00
9.443406696169447390e-01,0.000000000000000000e+00,1.539109323425523826e-02,2.948769244759202532e-02,1.078054470120795930e-02
9.543583261919792449e-01,0.000000000000000000e+00,1.531416476292359920e-02,3.032750904509704318e-02,0.000000000000000000e+00
9.606103022438412520e-01,0.000000000000000000e+00,1.023646197508664563e-02,2.915323578107212321e-02,0.000000000000000000e+00
9.284915891141438671e-01,3.059842836122760729e-02,1.263230361309009182e-02,2.827767891153824126e-02,0.000000000000000000e+00
9.596962880540004237e-01,0.000000000000000000e+00,9.183178095772686830e-03,3.112053385022702651e-02,0.000000000000000000e+00
9.224739643181737447e-01,4.294177441992053784e-02,5.668343416826291531e-03,2.891591784507949528e-02,0.000000000000000000e+00
9.180871251445541503e-01,4.431660433723218218e-02,1.001398079893769943e-02,2.758228971927588133e-02,0.000000000000000000e+00
9.508165208790887446e-01,0.000000000000000000e+00,2.100232817627593895e-02,2.818115094463522971e-02,0.000000000000000000e+00
9.642738797608547685e-01,0.000000000000000000e+00,3.466422877317525304e-03,3.225969736182785624e-02,0.000000000000000000e+00
9.181143573460414098e-01,5.035560789684796063e-02,1.731187475731288264e-03,2.979884728137928429e-02,0.000000000000000000e+00
9.429703806128663102e-01,7.833403230163345915e-03,2.224446122644418641e-02,2.695175493052626853e-02,0.000000000000000000e+00
9.555764199449796603e-01,0.000000000000000000e+00,1.563614003945150085e-02,2.878744001556887352e-02,0.000000000000000000e+00
9.069191872888647810e-01,5.061738769210721856e-02,8.355050548897144033e-03,2.811658518856804609e-02,5.991789281562845057e-03
9.472044390232297051e-01,1.468795257514837575e-02,8.589390485369427508e-03,2.951821791625261135e-02,0.000000000000000000e+00
9.458679958148547007e-01,0.000000000000000000e+00,1.662541302488356257e-02,2.848003774168507071e-02,9.026553418576617471e-03
9.362893894499988434e-01,1.876307708231868959e-02,1.759375526597951184e-02,2.735377820170301760e-02,0.000000000000000000e+00
9.545917071886772520e-01,0.000000000000000000e+00,1.694681986573123508e-02,2.846147294559162044e-02,0.000000000000000000e+00
9.529635531365953094e-01,0.000000000000000000e+00,1.925119686286187390e-02,2.778525000054280283e-02,0.000000000000000000e+00
9.165392929372611075e-01,4.583144675068242385e-02,1.012222488246220138e-02,2.750703542959451534e-02,0.000000000000000000e+00
9.295130534631751429e-01,3.203195734529425825e-02,9.936210597030412095e-03,2.851877859450010697e-02,0.000000000000000000e+00
9.194023873532553015e-01,0.000000000000000000e+00,1.396118495739857857e-02,2.811360652064529703e-02,3.852282116870077433e-02
9.536046507344618783e-01,0.000000000000000000e+00,1.776435611483962937e-02,2.863099315069841597e-02,0.000000000000000000e+00
9.592179048175323297e-01,0.000000000000000000e+00,1.045082790978708008e-02,3.033126727268052950e-02,0.000000000000000000e+00
9.585359238713311303e-01,0.000000000000000000e+00,1.140449801412752977e-02,3.005957811454141454e-02,0.000000000000000000e+00
9.300331307315748974e-01,0.000000000000000000e+00,1.930643101925532540e-02,2.775909805510370573e-02,2.290134019406609225e-02
9.526749289544361732e-01,4.651659733351078477e-03,1.319871623840621587e-02,2.947469507380657758e-02,0.000000000000000000e+00
9.146246791046260816e-01,4.995613208012625317e-02,5.818086338926048776e-03,2.960110247632159047e-02,0.000000000000000000e+00
9.032060777758293968e-01,6.079393306570304162e-02,6.686117298661143661e-03,2.931387185980645696e-02,0.000000000000000000e+00
9.288314663792645032e-01,0.000000000000000000e+00,2.297611249496896851e-02,2.799273158480617557e-02,2.019968954096026600e-02
9.488570856789499963e-01,1.047382299480926343e-02,1.141022561481849773e-02,2.925886571142249579e-02,0.000000000000000000e+00
9.044276870610680197e-01,6.670030693326967075e-02,0.000000000000000000e+00,2.887200600566231651e-02,0.000000000000000000e+00
9.524125321658047927e-01,0.000000000000000000e+00,1.832560824876953293e-02,2.926185958542566398e-02,0.000000000000000000e+00
9.399331831294495121e-01,1.747485964299189468e-02,1.387915936667370037e-02,2.871279786088484082e-02,0.000000000000000000e+00
9.556855754161388550e-01,6.114427059120857919e-03,7.105333102812375935e-03,3.109466442192800745e-02,0.000000000000000000e+00
9.582576948604754064e-01,0.000000000000000000e+00,1.099177466121805356e-02,3.075053047830646896e-02,0.000000000000000000e+00
9.540264081311441435e-01,0.000000000000000000e+00,1.645544623411416760e-02,2.951814563474170969e-02,0.000000000000000000e+00
9.529851946646060723e-01,0.000000000000000000e+00,1.793412333189229116e-02,2.908068200350166777e-02,0.000000000000000000e+00
9.351042866679782906e-01,0.000000000000000000e+00,1.594092705062137572e-02,2.933271666558453367e-02,1.962206961581574108e-02
9.343839607935823244e-01,2.838532166272130300e-02,9.006679653226098287e-03,2.822403789047025005e-02,0.000000000000000000e+00
9.537886950025993293e-01,1.275618051767309427e-02,3.467104027649437360e-03,2.998802045207818803e-02,0.000000000000000000e+00
9.579533281168044478e-01,0.000000000000000000e+00,1.323427901807454517e-02,2.881239286512102954e-02,0.000000000000000000e+00
9.554555949769070189e-01,0.000000000000000000e+00,1.430778684855441366e-02,3.023661817453863337e-02,0.000000000000000000e+00
9.605673285877966983e-01,3.132474627984995603e-04,9.399598577703319538e-03,2.971982537170149430e-02,0.000000000000000000e+00
9.456792950811190313e-01,1.364239236735500203e-02,1.114371554548721985e-02,2.953459700603887003e-02,0.000000000000000000e+00
9.595051368640709066e-01,0.000000000000000000e+00,1.033370628663444341e-02,3.016115684929456670e-02,0.000000000000000000e+00
9.562821797391513057e-01,0.000000000000000000e+00,1.501431872714416825e-02,2.870350153370449658e-02,0.000000000000000000e+00
9.521523918703812539e-01,0.000000000000000000e+00,1.691224374813382267e-02,2.970198634014632050e-02,1.233378041338401704e-03
9.563971855922371867e-01,0.000000000000000000e+00,1.496210538766349837e-02,2.864070902009926284e-02,0.000000000000000000e+00
9.558839198210529187e-01,0.000000000000000000e+00,1.389192949471713609e-02,3.022415068422995565e-02,0.000000000000000000e+00
9.564909207678208292e-01,0.000000000000000000e+00,1.310217928270937873e-02,3.040689994946985455e-02,0.000000000000000000e+00
9.270683853768371119e-01,3.411140741996858405e-02,1.105778679039952188e-02,2.776242041279462086e-02,0.000000000000000000e+00
8.597819627920829655e-01,1.082302576383982751e-01,6.819018501866946046e-03,2.516876106765188886e-02,0.000000000000000000e+00
9.535252261160194198e-01,0.000000000000000000e+00,1.849175189012048151e-02,2.798302199385999459e-02,0.000000000000000000e+00
9.572356282253073889e-01,0.000000000000000000e+00,1.249554370312062727e-02,3.026882807157188840e-02,0.000000000000000000e+00
9.635167594721127937e-01,0.000000000000000000e+00,6.120090005107571389e-03,3.036315052277963056e-02,0.000000000000000000e+00
9.091282320061387923e-01,0.000000000000000000e+00,1.671230560884398586e-02,2.650869431650463431e-02,4.765076806851248348e-02
9.550068858336138167e-01,0.000000000000000000e+00,1.688544923116892457e-02,2.810766493521726916e-02,0.000000000000000000e+00
9.536967755785619172e-01,0.000000000000000000e+00,1.701634228032353896e-02,2.928688214111452651e-02,0.000000000000000000e+00
9.571831471659278945e-01,0.000000000000000000e+00,1.302348107854872303e-02,2.979337175552328534e-02,0.000000000000000000e+00
9.535626464052162632e-01,0.000000000000000000e+00,1.801290226960501270e-02,2.842445132517867554e-02,0.000000000000000000e+00
9.504311304983272812e-01,0.000000000000000000e+00,1.583817187168036836e-02,2.910421466356182332e-02,4.626482966430461169e-03
9.566191394310767926e-01,0.000000000000000000e+00,1.303303752084344382e-02,3.034782304807977574e-02,0.000000000000000000e+00
9.209658920046565056e-01,4.652059266815856964e-02,2.479759861959485341e-03,3.003375546522553396e-02,0.000000000000000000e+00
9.560389274245204572e-01,0.000000000000000000e+00,1.458580530706145122e-02,2.937526726841807254e-02,0.000000000000000000e+00
9.305767365791856038e-01,3.190618887968899725e-02,9.471787694689910372e-03,2.804528684643542782e-02,0.000000000000000000e+00
8.883052336677517147e-01,8.317092009267897101e-02,3.191249251379611957e-04,2.820472131443128513e-02,0.000000000000000000e+00
9.277913247227453919e-01,4.070703385684867892e-02,1.005891123266736955e-03,3.049575029713938457e-02,0.000000000000000000e+00
9.472929099845597278e-01,1.541407441229090264e-02,6.371145083257432132e-03,3.092187051989201546e-02,0.000000000000000000e+00
9.636536714092279743e-01,0.000000000000000000e+00,4.988111034662022318e-03,3.135821755610998518e-02,0.000000000000000000e+00
9.531467579298860127e-01,0.000000000000000000e+00,1.811120436316304011e-02,2.874203770695096805e-02,0.000000000000000000e+00
9.592603411281548365e-01,0.000000000000000000e+00,1.040723801060446096e-02,3.033242086124077197e-02,0.000000000000000000e+00
9.600984926048432566e-01,0.000000000000000000e+00,9.962438359098239535e-03,2.993906903605836334e-02,0.000000000000000000e+00
9.461930370911373345e-01,0.000000000000000000e+00,1.873151446965286293e-02,3.040371290924616041e-02,4.671735529963633518e-03
9.437496920517914889e-01,0.000000000000000000e+00,2.198193230266280371e-02,2.789029897501732469e-02,6.378076670528265608e-03
8.775922842491414855e-01,8.278601207947508533e-02,1.558782821509296056e-02,2.403387545629051547e-02,0.000000000000000000e+00
9.568872909936861904e-01,0.000000000000000000e+00,1.268155739842714153e-02,3.043115160788656751e-02,0.000000000000000000e+00
9.486884889678599553e-01,0.000000000000000000e+00,1.508757877533179609e-02,3.044895217783663566e-02,5.774980078971729200e-03
8.835633916795823106e-01,5.633879079545372343e-02,7.607138769864354826e-03,2.761841705259866081e-02,2.487226170250089741e-02
9.388895503983788471e-01,1.752877132384636841e-02,1.534448663185013738e-02,2.823719164592448580e-02,0.000000000000000000e+00
9.588480913241423931e-01,0.000000000000000000e+00,1.088370480816654162e-02,3.026820386769110346e-02,0.000000000000000000e+00
9.035528073551077899e-01,0.000000000000000000e+00,1.681453771911434886e-02,2.789032362817929142e-02,5.174233129759839289e-02
9.502141947987322590e-01,8.183303769855300447e-03,1.099197187782422619e-02,3.061052955358822825e-02,0.000000000000000000e+00
9.281219013647263871e-01,3.488286678857478035e-02,8.637240365356357169e-03,2.835799148134224984e-02,0.000000000000000000e+00
9.577552514450611287e-01,6.846377780587840521e-05,1.285526411963927931e-02,2.932102065749368769e-02,0.000000000000000000e+00
9.539067279854753778e-01,0.000000000000000000e+00,1.771565835964228341e-02,2.837761365488248450e-02,0.000000000000000000e+00
9.548208123997304897e-01,0.000000000000000000e+00,1.625785529754304043e-02,2.892133230272652539e-02,0.000000000000000000e+00
9.544259433325114061e-01,0.000000000000000000e+00,1.655759811658140401e-02,2.901645855090720719e-02,0.000000000000000000e+00
8.865595522572903286e-01,7.544985068136171591e-02,1.178451046221372540e-02,2.620608659913425259e-02,0.000000000000000000e+00
9.303771878419936359e-01,3.660076443606506691e-02,4.310931689653183137e-03,2.871111603228818435e-02,0.000000000000000000e+00
9.498509504865934039e-01,0.000000000000000000e+00,2.304722586668261561e-02,2.710182364672407418e-02,0.000000000000000000e+00
8.908226849761153865e-01,7.311944478455456586e-02,1.009685005531141266e-02,2.596102018401868702e-02,0.000000000000000000e+00
9.567101832657447513e-01,0.000000000000000000e+00,1.329086667474388243e-02,2.999895005951119104e-02,0.000000000000000000e+00
8.650261239834858840e-01,0.000000000000000000e+00,1.652375332934541072e-02,2.683203912584939885e-02,9.161808356131925790e-02
9.562320171175378025e-01,0.000000000000000000e+00,1.441943850262597353e-02,2.934854437983615283e-02,0.000000000000000000e+00
8.972991170905226799e-01,0.000000000000000000e+00,1.798204523936662233e-02,2.646028403109368723e-02,5.825855363901707301e-02
9.509027790252156942e-01,0.000000000000000000e+00,1.501481653835140366e-02,2.931852066591463662e-02,4.763883770518277661e-03
9.582264440779947323e-01,0.000000000000000000e+00,1.146972365700719629e-02,3.030383226499806446e-02,0.000000000000000000e+00
9.476181735459245914e-01,5.855033236878392708e-03,1.784437430608323827e-02,2.868241891111357120e-02,0.000000000000000000e+00
9.553737468325085302e-01,0.000000000000000000e+00,1.525237958075563970e-02,2.937387358673586649e-02,0.000000000000000000e+00
9.251382347471144296e-01,3.329084748951287309e-02,1.309892173223806480e-02,2.847199603113454922e-02,0.000000000000000000e+00
9.309182626350865908e-01,1.102474778948969204e-02,1.255828937711003790e-02,2.843279261514255335e-02,1.706590758317096113e-02
9.019690135199963654e-01,5.544094570247874026e-02,9.133211337414095382e-03,2.794362831974758071e-02,5.513201120363101990e-03
8.948682356768716817e-01,5.315454247763689438e-02,8.526173688374185516e-03,2.805966657739399420e-02,1.539138157972310197e-02
9.282778281640653439e-01,0.000000000000000000e+00,1.901577422069602313e-02,2.748452063902577513e-02,2.522187697621309718e-02
9.549632966202442619e-01,0.000000000000000000e+00,1.513823278842933544e-02,2.989847059132660564e-02,0.000000000000000000e+00
9.461704240861578130e-01,0.000000000000000000e+00,1.938568761173150787e-02,2.854380514853257014e-02,5.900083153577924226e-03
9.525440457926918070e-01,0.000000000000000000e+00,1.427900950857856344e-02,2.981854978009814208e-02,3.358394918631515264e-03
9.598679962665386256e-01,0.000000000000000000e+00,9.906619812783325207e-03,3.022538392067826429e-02,0.000000000000000000e+00
9.085653171836276520e-01,5.194892927655117565e-02,1.141176292377338655e-02,2.807399061604761922e-02,0.000000000000000000e+00
9.326426417455450091e-01,2.496935612143467986e-02,1.377104667463491076e-02,2.861695545838532917e-02,0.000000000000000000e+00
9.463275785549712937e-01,0.000000000000000000e+00,2.644971311862511637e-02,2.698916901562421061e-02,2.335393107792987000e-04
9.181568632180894252e-01,4.658525555300813137e-02,0.000000000000000000e+00,3.013844044719796167e-02,5.119440781704508690e-03
9.532309154010422114e-01,4.771737209920332706e-03,1.134718858909556857e-02,3.065015879994184914e-02,0.000000000000000000e+00
9.532455615250414738e-01,0.000000000000000000e+00,1.823966489561957768e-02,2.851477357933884099e-02,0.000000000000000000e+00
8.747557799223454333e-01,9.478832318931447454e-02,3.437664576718007983e-03,2.701823231162216177e-02,0.000000000000000000e+00
9.277164911667822311e-01,4.071309733720412938e-02,2.098673571495054957e-03,2.947173792451862270e-02,0.000000000000000000e+00
8.828004877898077973e-01,7.974304102925380833e-02,1.096651101707906556e-02,2.648996016385922470e-02,0.000000000000000000e+00
9.580638255465306896e-01,0.000000000000000000e+00,1.192758724500437087e-02,3.000858720846506095e-02,0.000000000000000000e+00
9.551484057637331659e-01,0.000000000000000000e+00,1.486285513242738970e-02,2.998873910383953803e-02,0.000000000000000000e+00
9.248255215487181102e-01,3.779436432880311364e-02,8.229088152968071224e-03,2.915102596951070490e-02,0.000000000000000000e+00
9.568932303206555412e-01,0.000000000000000000e+00,1.224573153561351636e-02,3.086103814373113846e-02,0.000000000000000000e+00
9.528479635600612951e-01,0.000000000000000000e+00,1.921922741533095211e-02,2.793280902460781520e-02,0.000000000000000000e+00
9.580154702766395802e-01,0.000000000000000000e+00,1.320030490849513800e-02,2.878422481486526963e-02,0.000000000000000000e+00
9.571750369282658877e-01,0.000000000000000000e+00,1.283743423522013156e-02,2.998752883651391657e-02,0.000000000000000000e+00
