# DNRN, Denitrification, Anammox, Nitrite Oxidation, CaCO3 Dissolution 
8.081951787192406256e-01,5.443172805632772587e-02,1.714851073830397921e-02,2.361507889406308514e-02,9.660950359206445237e-02
7.947491918989074700e-01,1.671971057274292682e-01,1.146326572744644536e-02,2.313035473954647148e-02,3.460081906670305508e-03
7.852028744678962724e-01,1.522590137539225619e-01,1.068564547611050228e-02,2.248442532521702578e-02,2.936804097685361686e-02
7.889535551360239429e-01,1.391540646694169603e-01,1.044952845655260087e-02,2.293716822664577243e-02,3.850568351136045980e-02
7.224875589128099129e-01,2.547273985825487808e-01,1.994742793054989603e-03,2.079029971158636095e-02,0.000000000000000000e+00
7.938849212588231508e-01,1.089492317445520664e-01,1.042272016941146393e-02,2.337121938675137608e-02,6.337190744046188040e-02
7.753391552924289165e-01,1.383861167930022784e-01,1.130129708491470902e-02,2.223733335800886016e-02,5.273609747164520467e-02
7.374231967848074998e-01,2.168487746318578657e-01,2.425191162213396080e-03,2.160906322553299980e-02,2.169377419558811762e-02
8.018298934522976040e-01,1.033742220148000657e-01,1.310589111940893038e-02,2.321214349789973985e-02,5.847784991559386303e-02
8.195229910146376584e-01,6.014192775878475505e-02,1.585207566616930741e-02,2.402715868577770530e-02,8.045584687463053220e-02
7.842540474086382440e-01,1.297174205026521421e-01,1.041169055552290147e-02,2.271169536526218558e-02,5.290514616792452857e-02
7.980277026779587501e-01,8.781255253356687329e-02,1.824961863550706928e-02,2.239876648737487014e-02,7.351135966559252388e-02
7.017445530619006444e-01,2.581167244933129656e-01,0.000000000000000000e+00,2.031582927636621516e-02,1.982289316842026847e-02
7.753443203132444062e-01,1.927751796203392709e-01,7.942403371563164574e-03,2.244758429126495966e-02,1.490512403588442440e-03
7.919185785322441218e-01,1.033169876494718087e-01,1.355473141557238421e-02,2.296023232194862804e-02,6.824947008076298616e-02
7.827893723694215877e-01,1.855153825874972240e-01,9.049124601344415639e-03,2.264612044173681601e-02,0.000000000000000000e+00
8.050541592396341928e-01,1.213963032778046791e-01,1.323570231505336557e-02,2.390247441611077078e-02,3.641136075139679573e-02
7.899923436929372489e-01,1.246089118216590769e-01,1.271399607006474392e-02,2.268834537554069442e-02,4.999640303979842326e-02
7.869776476187777536e-01,1.827929584976092925e-01,6.739909800120885870e-03,2.348948408349213132e-02,0.000000000000000000e+00
7.477004752589897496e-01,2.248875803427490550e-01,5.964267635720022290e-03,2.144767676254119224e-02,0.000000000000000000e+00
7.740162699152463022e-01,1.124479745172153877e-01,1.430826961100247277e-02,2.219520275179905772e-02,7.703228320473672064e-02
7.656913225189212469e-01,2.048295971612424937e-01,7.003241390741824640e-03,2.247583892909451111e-02,0.000000000000000000e+00
8.098322598567009312e-01,8.243217898658376785e-02,1.547302315786649139e-02,2.404810446652854913e-02,6.821443353232020668e-02
7.560310873869156012e-01,1.870112126578490075e-01,7.285972327070228474e-03,2.196023131401046713e-02,2.771149631415467315e-02
7.794874334498883561e-01,1.327890345511318348e-01,1.329776648077762163e-02,2.210538766035928526e-02,5.232037785784305478e-02
7.613767363155832246e-01,1.709314783225811540e-01,8.668500460842866462e-03,2.197174828323620807e-02,3.705153661775631435e-02
7.893613554040725955e-01,1.674106586552351894e-01,9.952931077239469959e-03,2.248071898605889102e-02,1.079433587739385067e-02
7.783343545940518693e-01,1.455733927245921877e-01,1.137644193591182996e-02,2.233006188949468451e-02,4.238574885594946495e-02
7.627641728225545981e-01,1.736311468370810573e-01,7.862001759544788582e-03,2.278687619784649371e-02,3.295580238297308312e-02
8.063532784078919491e-01,4.834201781277989995e-02,1.622531359347905572e-02,2.409470305979731497e-02,1.049846871260517317e-01
7.827545642945739068e-01,1.439403695690440466e-01,9.373868533829684060e-03,2.371998842534908669e-02,4.021120917720338861e-02
8.121587131829389739e-01,1.308925437424778848e-01,9.950963940058163426e-03,2.388785060310858258e-02,2.310992853141637451e-02
7.721859393060384047e-01,9.254840175481536535e-02,1.395968090430386999e-02,2.282312717679729069e-02,9.848285085804510397e-02
7.702867509034800886e-01,1.646377542715207476e-01,8.161418496176941692e-03,2.228268025870667329e-02,3.463139607011532506e-02
7.766296869856044172e-01,1.829993438384803772e-01,6.976739877805168862e-03,2.324978185217434559e-02,1.014444744593567121e-02
7.586587290289902308e-01,2.126574815504948535e-01,7.113113126659451058e-03,2.157067629385542654e-02,0.000000000000000000e+00
7.832988520588333170e-01,1.825125293255593362e-01,8.296606778824688541e-03,2.261022251568538255e-02,3.281789321097198977e-03
7.534223069958797536e-01,1.522945570322788156e-01,1.118223556666472426e-02,2.188841143208049983e-02,6.121248897309621712e-02
7.549516965942307811e-01,2.189858326946510780e-01,3.810349860681639875e-03,2.225212085043641250e-02,0.000000000000000000e+00
7.820316310691561856e-01,1.886828880155838883e-01,5.819033810184481501e-03,2.346644710507551565e-02,0.000000000000000000e+00
8.290154722690491473e-01,5.767194280974012599e-02,1.596913386424788847e-02,2.489748538485315327e-02,7.244596567210957738e-02
8.021264252567721353e-01,1.519074654843546035e-01,9.407439255655113478e-03,2.424913184511954048e-02,1.230953815809877026e-02
8.078500917866540121e-01,1.265360893459226144e-01,1.011066893428619676e-02,2.401733951073145579e-02,3.148581042240546773e-02
7.978126364962591088e-01,1.403741956316315043e-01,8.900912387175876836e-03,2.398158302414948526e-02,2.893067246078408900e-02
8.075676306830776863e-01,4.486164171919770211e-02,1.800495886747743163e-02,2.366206310375036995e-02,1.059037056264968274e-01
7.873150312668523165e-01,1.175545548080071112e-01,1.131354452370658854e-02,2.329107946526691800e-02,6.052578993616686970e-02
7.661413165195565256e-01,2.059636779382711114e-01,5.664422930620431097e-03,2.223058261155189813e-02,0.000000000000000000e+00
7.552441566915735205e-01,2.117047736012337422e-01,4.869055253792171044e-03,2.217881586833604299e-02,6.003198585064653363e-03
7.832294330831983675e-01,9.929693830954032518e-02,1.433534139504044624e-02,2.250982064531571042e-02,8.062846656690524083e-02
7.951987206169274236e-01,1.064420015368740396e-01,1.298291998038529974e-02,2.308919816064234146e-02,6.228715970517090250e-02
7.749901473080430536e-01,1.951683079584396185e-01,6.673294593014770723e-03,2.316825014050247905e-02,0.000000000000000000e+00
7.208727998997968012e-01,2.492066668729215895e-01,4.801512084846129222e-03,2.042215659305739173e-02,4.696864549378151725e-03
7.611889233783751818e-01,2.020663707438045686e-01,6.294404313721524424e-03,2.167748519979371263e-02,8.772816364304878919e-03
7.831324580818811443e-01,1.786283161885173221e-01,7.533874123063733115e-03,2.314594254149274916e-02,7.559409065045197967e-03
7.541393899794980316e-01,2.138479573139357715e-01,6.168154895424771134e-03,2.165920605909622820e-02,4.185291752045296534e-03
8.192271795482136687e-01,8.255789892913754924e-02,1.402678330887878987e-02,2.409215640902269071e-02,6.009598180474731016e-02
7.574746754910298696e-01,1.852883193849223509e-01,1.040056678295836652e-02,2.096108795903645072e-02,2.587535038205270727e-02
8.094377256999464310e-01,9.324131731271571855e-02,1.344270406652326062e-02,2.361550580595293825e-02,6.026274711486166724e-02
7.860767009355072998e-01,1.425778752759875867e-01,1.058465144890873011e-02,2.282916045027827759e-02,3.793161188931810229e-02
8.052827242115216944e-01,1.607675609451992005e-01,1.028200248508391243e-02,2.366771235819519967e-02,0.000000000000000000e+00
7.520899773919623721e-01,1.881072793814073107e-01,6.832709019234738113e-03,2.201410028965633189e-02,3.095593391773927491e-02
7.739564128610000315e-01,1.829845980087368984e-01,6.384254605313026062e-03,2.243863135390740046e-02,1.423610317104292630e-02
8.124771671221554525e-01,3.342485170219237911e-02,2.042366519805184286e-02,2.369940648288057158e-02,1.099749094947196498e-01
7.835917095759455941e-01,1.764838438168047363e-01,8.191060181607145996e-03,2.254624254298653874e-02,9.187143882656206850e-03
7.989695927301860845e-01,1.459335806253923007e-01,9.627544039237099713e-03,2.344557668186339136e-02,2.202370592332115670e-02
8.035501755341457608e-01,9.627813067756625653e-02,1.440923962888430651e-02,2.364847997336850388e-02,6.211397418603512022e-02
7.896513332974005595e-01,1.778838795158145525e-01,9.364886758537336459e-03,2.309990042824752732e-02,0.000000000000000000e+00
8.218302244502566634e-01,1.129555645437741312e-01,1.272880827744972236e-02,2.428427243114197193e-02,2.820113029737745733e-02
8.164238390276926660e-01,1.098936911938550864e-01,1.389526256554526537e-02,2.388269219989043804e-02,3.590451501301661352e-02
7.730535074691345931e-01,1.731471352020611532e-01,8.240714326962847100e-03,2.287186173263550462e-02,2.268678126920581004e-02
7.763120270627450470e-01,1.444464789108359237e-01,1.461799416329305663e-02,2.228845208636764247e-02,4.233504777675835273e-02
7.749870243842154061e-01,1.140646121048693312e-01,1.282512848769692959e-02,2.219984227812897212e-02,7.592339274508931590e-02
7.544791295329643654e-01,2.160820483470349829e-01,7.553171839191425568e-03,2.188565028080926428e-02,0.000000000000000000e+00
7.829443172439340959e-01,1.559282647176363501e-01,1.158100122318569437e-02,2.252190422016119367e-02,2.702451259508252893e-02
7.694075797246985315e-01,2.028622971475959047e-01,5.204030692939076025e-03,2.252609243476658488e-02,0.000000000000000000e+00
7.792783698155119065e-01,1.233106866233203841e-01,1.180072201372832190e-02,2.267884211993479934e-02,6.293137942750466618e-02
7.769513137699601835e-01,1.947432678372175430e-01,5.673674011428380022e-03,2.263174438139392217e-02,0.000000000000000000e+00
8.299591103395368430e-01,8.365806352177421190e-02,1.797281672103261119e-02,2.457098885258950094e-02,4.383902056506670808e-02
8.265843513768796891e-01,9.884599833224851084e-02,1.428260064075389732e-02,2.422181889068023702e-02,3.606523075943755818e-02
8.011104871509437952e-01,1.436516543437102444e-01,1.070927981226630840e-02,2.338027615040612697e-02,2.114830254267363596e-02
7.391459336688425141e-01,1.929549785536478768e-01,9.139752434735151643e-03,2.134032902968401729e-02,3.741900631309047487e-02
8.253334488119029588e-01,6.463203418263216427e-02,1.694741235756416428e-02,2.476431775708951011e-02,6.832278689081126843e-02
7.610961976557052422e-01,1.294788848748156251e-01,1.247337513043918558e-02,2.211716433273260701e-02,7.483437800630719783e-02
7.738185937234048906e-01,1.405490551947790601e-01,9.931165610018560450e-03,2.290882868164664105e-02,5.279235679015081839e-02
7.769353692852768445e-01,1.416399397983328368e-01,1.045729724690723332e-02,2.298254760114275264e-02,4.798484606834035188e-02
7.847351302642001647e-01,9.786615413494878513e-02,9.772565979902652494e-03,2.409632205211319211e-02,8.352982756883514659e-02
7.740892045461581494e-01,1.713133636764253009e-01,7.261758381247610840e-03,2.248765706308938211e-02,2.484801633307938754e-02
7.690878091206345690e-01,1.700759994691355415e-01,9.592713020092380125e-03,2.268230243526972792e-02,2.856117595486762709e-02
8.060310144754004869e-01,7.367107639827361054e-02,1.707693779172838461e-02,2.347917181696066585e-02,7.974179951763681051e-02
8.248521663845654883e-01,5.736585030889534975e-02,1.804995230045167154e-02,2.404509198043738513e-02,7.568693902564999076e-02
7.923304567605514714e-01,1.551264679054560891e-01,9.586979935633651098e-03,2.311686643555473791e-02,1.983922896280387524e-02
7.461046538070682521e-01,2.278160031553800591e-01,4.985437200725602487e-03,2.109390583682594841e-02,0.000000000000000000e+00
7.999944455118777054e-01,1.136662017877169278e-01,1.387179180267634516e-02,2.360579463469697839e-02,4.886176626303224968e-02
7.785683344785938598e-01,1.464681926414171664e-01,1.215688745151099863e-02,2.199584264366198291e-02,4.081074278481584133e-02
7.718207290497747231e-01,1.988811957870441627e-01,7.155505805068009158e-03,2.214256935811317537e-02,0.000000000000000000e+00
7.862192578675264443e-01,1.163463555079014278e-01,1.277263989694759315e-02,2.286537395722795102e-02,6.179637277039670001e-02
8.340792032651056509e-01,1.070022937458577350e-01,1.310939903112746940e-02,2.468713674957436627e-02,2.112196720833440719e-02
7.620903362731195063e-01,1.916709385618526884e-01,5.895532345060876776e-03,2.271110506737690146e-02,1.763208775258983188e-02
7.540778759668301801e-01,1.638761776770264467e-01,1.126967699219136483e-02,2.140704489548277134e-02,4.936922446846935680e-02
7.975287520913183492e-01,1.200521124708055359e-01,1.091220979441145413e-02,2.403040126618431402e-02,4.747652437728025476e-02
7.918211232792963239e-01,9.686828460449806166e-02,1.543640639745834202e-02,2.330044704138550110e-02,7.257373867736176265e-02
7.815237133479258080e-01,1.521361636683546403e-01,8.579605804651974088e-03,2.319022517182466048e-02,3.457029200724303503e-02
8.330634738140764162e-01,6.448608044919086624e-02,1.736284272533614170e-02,2.484282799121119087e-02,6.024477502018542319e-02
7.723077296318595630e-01,1.823579447206708504e-01,7.671064730226487792e-03,2.226401593634827827e-02,1.539924498089458721e-02
8.164694235777041342e-01,7.167737636041848770e-02,1.657191605211788196e-02,2.396318734336349426e-02,7.131809666639590817e-02
7.749087677953048203e-01,1.387219747201153819e-01,1.138992875934144444e-02,2.266891278769378112e-02,5.231041593754445773e-02
7.497139621308761548e-01,2.192838143706557774e-01,6.358513761545731523e-03,2.136737562050127631e-02,3.276334116421201342e-03
8.146740360879107801e-01,7.933611233134146845e-02,1.294761673892196215e-02,2.479176385466697052e-02,6.825047098715887606e-02
7.577081672144295732e-01,1.722024037748142722e-01,6.434559800387976668e-03,2.200335118802497145e-02,4.165151802234313277e-02
7.781985693850511643e-01,1.888702700697929560e-01,1.051552112841358001e-02,2.241563941674240903e-02,0.000000000000000000e+00
7.713809403983450386e-01,1.561345881474302810e-01,8.734161265470611474e-03,2.274012060267466273e-02,4.101018958607944437e-02
8.321040148140197434e-01,0.000000000000000000e+00,2.084360747128455316e-02,2.483085769854690567e-02,1.222215200161488463e-01
7.983844535745603377e-01,1.556673780785574890e-01,9.600988960099443928e-03,2.389852459123173109e-02,1.244865479555103821e-02
7.969009625668354024e-01,1.113462360779840926e-01,1.337985475669826313e-02,2.325899717360291330e-02,5.511394942487929383e-02
7.911382922757153047e-01,1.187245491384334578e-01,1.286457083564343344e-02,2.327951236858588971e-02,5.399307538162190917e-02
7.502568895701831053e-01,2.247415776255361208e-01,3.230918030365719212e-03,2.177061477391507849e-02,0.000000000000000000e+00
7.836618736446923084e-01,1.521698523672221637e-01,1.021184220757933095e-02,2.301457923478989961e-02,3.094185254571646393e-02
7.693513967449194801e-01,1.721862982776757867e-01,8.089936811285272297e-03,2.203439982286037671e-02,2.833796834325920388e-02
7.599533700473969366e-01,2.112425811464413439e-01,6.104763981075834317e-03,2.269928482508582965e-02,0.000000000000000000e+00
7.483861668243032561e-01,1.848495595061283581e-01,8.918040596962498873e-03,2.134672113960527084e-02,3.649951193300063346e-02
8.011224389972180226e-01,8.180690929993263139e-02,1.530011042215296234e-02,2.315353975324108138e-02,7.861700152745527970e-02
7.793144063835120150e-01,1.590771850287076850e-01,9.879224178888174057e-03,2.287006072304362606e-02,2.885912368584850340e-02
8.040275355969387361e-01,8.271940851717009269e-02,1.667073970568574287e-02,2.318467340877780961e-02,7.339764277142775406e-02
7.917955843213873024e-01,1.501655254253635441e-01,7.497600905715834027e-03,2.366929328905608559e-02,2.687199605847708644e-02
7.855790404753706380e-01,1.692090855924492376e-01,1.001315114415589694e-02,2.234134042240592047e-02,1.285738236561816822e-02
7.847704897911768063e-01,1.219549532033883110e-01,1.592925804075070312e-02,2.236287038307845434e-02,5.498242858160554136e-02
7.946374557547475348e-01,1.037484639982431817e-01,1.283524479955396903e-02,2.322897421666154233e-02,6.554986123079385718e-02
7.908075535084592156e-01,1.005619069168393609e-01,1.158958903391736975e-02,2.336172931545646772e-02,7.367922122532744034e-02
7.622485697781454794e-01,2.108769168361739332e-01,4.410127507137396111e-03,2.246438587854308888e-02,0.000000000000000000e+00
7.881839385544482379e-01,1.353522907442076817e-01,1.266367709258615915e-02,2.308507995315821348e-02,4.071501365559975633e-02
7.801483838052069020e-01,1.730039336249701298e-01,1.035465617497071701e-02,2.283247273820521520e-02,1.366055365664725456e-02
7.548906518160801715e-01,2.167638674710841151e-01,6.035753399468230668e-03,2.230972731336754167e-02,0.000000000000000000e+00
7.831052275447728528e-01,1.106053970460017938e-01,1.345444266487703239e-02,2.324638662286510060e-02,6.958854612148321350e-02
7.935108157949409824e-01,1.394407636114347593e-01,1.111414599966888996e-02,2.317455053884897448e-02,3.275972405510631930e-02
7.981249748612160300e-01,1.195038213094753998e-01,1.364680436317721769e-02,2.360494988782252390e-02,4.511944957830862218e-02
7.833249012855307836e-01,1.482214608647888510e-01,8.565729920145065401e-03,2.303381879462473511e-02,3.685408913491036720e-02
7.587917116945076534e-01,2.123408409900541527e-01,6.709962438400989861e-03,2.215748487703721528e-02,0.000000000000000000e+00
7.896768092368128267e-01,1.070156066465954015e-01,1.244618394941042136e-02,2.392600465673850110e-02,6.693539551044280778e-02
7.706409649333122447e-01,1.694823026677758637e-01,7.657675950319280805e-03,2.215131563141933130e-02,3.006774081717335928e-02
7.379172135622852347e-01,1.755513655194863021e-01,6.034923372676244228e-03,2.184639617936608505e-02,5.865010136618622333e-02
7.982182978442698973e-01,1.353755059372893921e-01,1.311670105033345586e-02,2.310687532623867391e-02,3.018261984186848546e-02
8.090519736947829887e-01,1.239243808083092674e-01,1.046756489817039087e-02,2.413272503045699527e-02,3.242335556828034732e-02
7.651407925450460779e-01,1.587957017663948756e-01,1.220356527110204141e-02,2.165858743401179870e-02,4.220135298344526026e-02
8.217971703516003812e-01,9.658054675187931204e-02,1.278325635171914318e-02,2.395956660212235356e-02,4.487945994267882044e-02
7.425538805819972277e-01,2.144038161411987164e-01,3.331190791278220830e-03,2.174710403955280869e-02,1.796400844597314042e-02
8.002347796626160248e-01,4.075249244596717418e-02,2.044264135580287772e-02,2.275533758337116436e-02,1.158147489522428630e-01
7.649791021092247068e-01,2.088107353808439648e-01,3.425506792325320408e-03,2.278465571760604838e-02,0.000000000000000000e+00
7.946705241124201180e-01,1.141509163981103553e-01,1.458673743952895209e-02,2.377848895408289295e-02,5.281333309585765218e-02
7.958711057183731619e-01,1.617545350805937865e-01,9.784186560750380429e-03,2.354647383101983113e-02,9.043698809263098562e-03
7.416704598678470761e-01,1.773985089921340796e-01,8.466293960415833403e-03,2.138383669056806782e-02,5.108090048903499159e-02
7.422378562635441046e-01,1.914171779512203742e-01,5.949485378345002913e-03,2.189008546031953953e-02,3.850539494657116008e-02
7.723224942510126256e-01,1.990062034791089673e-01,5.797971761045174650e-03,2.267439007999121070e-02,1.989404288419725016e-04
7.778045357013102512e-01,1.312815559559985801e-01,1.165532230845088037e-02,2.280127915432963656e-02,5.645730687991049046e-02
7.678060453372733685e-01,1.901622747657825963e-01,6.383550081090332354e-03,2.247992113925762966e-02,1.316820867659616694e-02
7.474525435636029114e-01,1.577224993480423054e-01,7.942912631670635826e-03,2.140854110936066604e-02,6.547350334732361665e-02
7.856748774797188695e-01,1.291374754508838318e-01,1.153813432887654776e-02,2.322663797173948885e-02,5.042287476878123259e-02
7.858266865410994395e-01,1.175775899604401958e-01,1.382198150776428255e-02,2.303807822733023453e-02,5.973566376336573308e-02
7.716978103535857558e-01,1.550887893730738820e-01,9.485292080063113460e-03,2.256931724271229664e-02,4.115879095056507175e-02
7.839081464702146729e-01,1.751903977371898624e-01,8.209388277989572089e-03,2.277326563374899165e-02,9.918801880856673719e-03
7.678011851169611601e-01,1.459617156082008149e-01,1.289553175260471120e-02,2.192810012931877342e-02,5.141346739291455248e-02
7.956918370566025134e-01,1.305740247451251668e-01,1.185679643446820378e-02,2.396952439219743325e-02,3.790781737160668630e-02
7.850392877309748663e-01,8.167643884600686577e-02,1.340475037984046290e-02,2.365000415399090214e-02,9.622951888918684915e-02
7.952943682437911832e-01,1.354431794531921751e-01,1.124108799188299791e-02,2.378405171346173463e-02,3.423731259767194557e-02
7.758392162017988536e-01,1.666213550613504513e-01,9.121313327930185427e-03,2.236136769032050914e-02,2.605674771859976466e-02
7.896540557663478399e-01,8.767553152274265571e-02,1.866588752371219420e-02,2.267061197278672641e-02,8.133391321441052479e-02
8.124676551921339307e-01,7.144335549054550705e-02,1.422601854006016325e-02,2.444075380192112235e-02,7.742221697533926972e-02
7.915557695678290262e-01,1.774896867162816527e-01,7.692812283593153562e-03,2.326173143229631757e-02,0.000000000000000000e+00
8.107309462092621155e-01,7.991658653263641887e-02,1.784340336201600472e-02,2.302947815531731363e-02,6.847958574076817850e-02
7.868241681370398144e-01,1.503488799354299466e-01,1.013178176175726607e-02,2.370902922263703333e-02,2.898614094313615649e-02
7.655970904461967264e-01,1.547443774001020789e-01,1.159569328269799068e-02,2.215086618565359142e-02,4.591197268534953635e-02
7.931723233935404904e-01,1.783501767071019317e-01,5.045700563061796158e-03,2.343179933629568196e-02,0.000000000000000000e+00
8.008335603092274768e-01,1.442208983222216523e-01,9.381294597459371998e-03,2.282283311070944232e-02,2.274141366038184842e-02
7.881782785994448925e-01,1.032545865678001773e-01,1.613408464717035889e-02,2.285942672929450192e-02,6.957362345629009015e-02
8.193805813266559213e-01,3.732308595851922817e-02,1.777008464684593295e-02,2.435068783621977678e-02,1.011755602317590680e-01
8.167649229810564071e-01,1.486957022496188385e-01,9.157861869777983790e-03,2.440855360681900774e-02,9.729592927274626239e-04
7.846791835829496353e-01,1.869537816242510808e-01,4.821320771035175409e-03,2.354571402176418304e-02,0.000000000000000000e+00
7.824733581219109890e-01,1.237625015668628037e-01,1.106865675286569303e-02,2.333584332796925093e-02,5.935964023039125986e-02
7.755302955365142026e-01,1.749680804449942340e-01,5.673944326800366492e-03,2.280562160885481193e-02,2.102205808283637636e-02
7.869071907558102819e-01,1.311441593745052703e-01,1.361254605066909706e-02,2.300481265631671227e-02,4.533129116269846159e-02
8.104229823062226723e-01,1.541030794011257476e-01,1.193742843937059366e-02,2.336022181701484512e-02,1.762880362660198131e-04
8.280340091938375169e-01,1.257626974464518821e-01,9.261059851463426112e-03,2.492048666248140518e-02,1.202174684576587729e-02
7.885020263320210443e-01,1.520933021161616217e-01,1.147828446951464770e-02,2.277877283055003768e-02,2.514761425175278051e-02
7.743770156518260395e-01,1.281181479563037739e-01,9.301647501399093812e-03,2.283232682642185457e-02,6.537086206404928157e-02
8.020492807651735667e-01,1.190109782580140996e-01,1.105500112240618074e-02,2.404569854790780323e-02,4.383904130649846076e-02
7.940089750377258282e-01,1.611670112196525173e-01,9.001556276527388628e-03,2.334219102472110882e-02,1.248026644137314317e-02
8.104957159685454160e-01,4.543188135258301869e-02,1.598987811041532869e-02,2.424267850943457800e-02,1.038398460590216066e-01
8.013619012623728333e-01,8.740032372865583210e-02,1.492445383895980859e-02,2.384746592852451594e-02,7.246585524148692337e-02
7.735389424604924846e-01,1.391914275326676664e-01,8.949013980974807048e-03,2.269714958709013672e-02,5.562346643877484620e-02
7.657332651850825567e-01,1.646098324719622585e-01,6.793015958903493405e-03,2.252424455925012420e-02,4.033964182480138938e-02
7.245573784933969641e-01,2.308737606030349943e-01,4.213483781152051535e-03,2.104472854181494920e-02,1.931064858060114672e-02
7.837441500464699118e-01,1.524744646685205207e-01,8.919500062038416416e-03,2.282991070108660731e-02,3.203197452188452643e-02
7.716466814068015934e-01,1.807736190848367730e-01,6.720301799249897741e-03,2.314595948903972258e-02,1.771343822007202112e-02
7.977247485047914699e-01,7.320177005118756741e-02,1.304639687014427958e-02,2.455460996532258036e-02,9.147247460855408019e-02
7.812709479689226022e-01,1.662297659296278485e-01,1.044959278081501047e-02,2.219571856402845905e-02,1.985397475660584735e-02
8.121054701251237962e-01,1.250146447840297936e-01,1.033373090648369644e-02,2.432136073996508246e-02,2.822479344439755150e-02
7.977947753462744096e-01,1.704343396149741729e-01,8.400057842668310834e-03,2.337082719608292100e-02,0.000000000000000000e+00
7.812278468975576429e-01,1.833454656096329682e-01,5.986242719671340008e-03,2.281074886413136243e-02,6.629695909006712469e-03
7.938779951454685291e-01,8.858058071838981196e-02,1.754225031971059362e-02,2.247986762268314870e-02,7.751930619374801379e-02
7.995940528027105643e-01,1.600500349495697083e-01,9.751860531549749744e-03,2.307344938917019542e-02,7.530602326999673822e-03
7.852282668324480630e-01,1.312002118091603886e-01,1.271398706772252328e-02,2.286885207274612017e-02,4.798868221792267075e-02
7.950249923683351261e-01,1.715874723099884147e-01,9.929746616187210342e-03,2.345778870548922632e-02,0.000000000000000000e+00
7.988799520428069290e-01,4.999365654110417279e-02,1.707317344104601273e-02,2.331691798486187558e-02,1.107362999901809475e-01
7.736099221692284145e-01,1.474137291407180694e-01,1.230084809065602747e-02,2.247649563687070806e-02,4.419900496252687772e-02
8.139320126756197649e-01,8.107244675343194817e-02,1.433600337680699874e-02,2.403922485476312279e-02,6.662031233937806829e-02
7.337969499132884765e-01,2.314044501512464436e-01,4.993192071091230588e-03,2.098375607142373769e-02,8.821651792950000598e-03
8.017483875265452031e-01,1.396828559971773631e-01,1.131375494484253286e-02,2.337827312397306248e-02,2.387672840746175515e-02
7.656799303827354075e-01,1.314726405885033311e-01,1.344973080651761833e-02,2.178857238687437539e-02,6.760912583536947407e-02
8.104666339757378157e-01,7.956524084668538388e-02,1.424420620438812332e-02,2.394399922711423073e-02,7.177991974607447756e-02
7.912895349471845696e-01,1.720144863901215126e-01,9.239598536174790239e-03,2.351093054585042669e-02,3.945449580668750240e-03
7.938989874281359160e-01,1.626362103297919470e-01,1.138745570744796771e-02,2.295621023732040064e-02,9.121136297303595111e-03
7.647979366472781315e-01,2.033612393614273317e-01,9.937806125123320108e-03,2.190301786617130167e-02,0.000000000000000000e+00
8.238518895051936131e-01,3.231443818396846634e-02,2.010769341800138291e-02,2.349419995053922752e-02,1.002317789422971367e-01
7.648552004215840583e-01,2.084133788593525716e-01,3.456219371321116174e-03,2.327520134774228519e-02,0.000000000000000000e+00
8.192430714863244701e-01,7.279424057543065762e-02,1.320293596569700918e-02,2.441113574211411716e-02,7.034861623043377199e-02
7.882447322497250219e-01,1.376498288119142044e-01,1.376908969311171557e-02,2.265439861854135969e-02,3.768195062670786494e-02
8.322512085348989785e-01,5.571303421840475417e-02,1.562084587851587589e-02,2.473569662949840278e-02,7.167921473868202331e-02
8.149209244963184773e-01,1.138883403322654975e-01,1.203786652506651234e-02,2.410942175059263906e-02,3.504344689575714794e-02
7.785089690498687709e-01,1.500749003175552987e-01,1.070707650378856929e-02,2.238552527196183833e-02,3.832352885682550891e-02
7.843514649182002918e-01,1.864809948908393578e-01,6.153344514165353350e-03,2.301419567679497194e-02,0.000000000000000000e+00
7.667174167308825616e-01,1.617836753542971906e-01,1.261625484870043147e-02,2.137094373989352827e-02,3.751170932622625853e-02
7.722669635952957856e-01,1.765569705138222978e-01,1.168813477957618419e-02,2.189795220072892137e-02,1.758997891057667920e-02
7.918296243759358477e-01,1.528534895719025066e-01,1.106792756848030100e-02,2.339149482036897640e-02,2.085746366331220694e-02
7.957338090961662003e-01,1.335743828217383633e-01,9.739650380122007525e-03,2.394862849399748486e-02,3.700352920797590761e-02
7.709595811672858012e-01,2.008756159208414938e-01,5.881372734039376320e-03,2.228343017783307109e-02,0.000000000000000000e+00
7.783830294762028590e-01,1.739606730017322078e-01,9.670564682924548058e-03,2.262921339058098294e-02,1.535651944855934148e-02
8.280543800608287652e-01,4.977063597022853003e-02,1.694318095463888396e-02,2.430136880150611522e-02,8.093043421279776106e-02
7.899195664764245839e-01,1.786068651954688391e-01,8.129258480669438597e-03,2.334430984743725637e-02,0.000000000000000000e+00
7.475923491632480156e-01,2.140829363918948791e-01,8.482639230394621935e-03,2.112892684896676074e-02,8.713148365495516218e-03
7.727482043311396653e-01,1.012827645418388489e-01,1.337365939036440354e-02,2.269108154880415326e-02,8.990429018785292548e-02
7.566305875962161531e-01,1.846648648540040460e-01,8.309297936470179391e-03,2.156724416030165320e-02,2.882800545300793701e-02
7.655078497429679274e-01,1.536396668069612559e-01,7.338783362577558020e-03,2.290260208071055043e-02,5.061109800678282450e-02
7.399857627044764685e-01,2.360189259834784004e-01,1.912812681159295914e-03,2.208249863088597442e-02,0.000000000000000000e+00
8.489211403835144054e-01,2.166483115803443174e-02,1.931690306847393124e-02,2.476852974712927952e-02,8.532859564284801801e-02
7.778452299767300016e-01,1.543161368736653549e-01,1.110865960243731000e-02,2.199472922590358162e-02,3.473524432126378486e-02
7.843990550403151518e-01,1.468207043889131758e-01,1.158953653569922727e-02,2.237471678222109975e-02,3.481598725285134366e-02
8.028173760443116924e-01,9.203315012081872415e-02,1.333296014921397411e-02,2.370898248572043954e-02,6.810753119993515070e-02
7.995218990597330322e-01,1.425446564035040553e-01,1.222891954839412133e-02,2.365824149132141063e-02,2.204628349704733717e-02
7.797743596846192782e-01,1.618018455648132792e-01,7.409007736345494567e-03,2.290219144876240454e-02,2.811259556545968319e-02
8.002413342366686555e-01,1.032222383958831952e-01,1.292260944752490759e-02,2.347572176346840803e-02,6.013809615645484413e-02
7.694515935178869448e-01,2.028473313834125158e-01,5.615248398290363999e-03,2.208582670040994123e-02,0.000000000000000000e+00
7.814930051902991837e-01,1.707515221679705708e-01,1.003050752555336746e-02,2.216117994927635157e-02,1.556378516690046752e-02
7.685518669544314507e-01,2.043408032392756701e-01,4.666523182691668763e-03,2.244080662360119563e-02,0.000000000000000000e+00
8.268553384868078115e-01,8.384934991084536104e-02,1.378012954737113833e-02,2.443601286904625511e-02,5.107916918592950162e-02
8.455428769970803060e-01,6.418504262950955330e-02,1.446471928550859855e-02,2.600967541473037450e-02,4.979768567317136713e-02
7.558990023781768652e-01,2.064032628804895186e-01,5.277740718838294827e-03,2.280581930375457853e-02,9.614174718740769662e-03
7.779503575457112907e-01,1.593762786810321852e-01,1.037744438498004219e-02,2.270244613379406029e-02,2.959347325448256558e-02
7.412382001160381373e-01,2.298138523851710191e-01,7.714749596802232545e-03,2.123319790198866658e-02,0.000000000000000000e+00
7.915015813849001214e-01,8.785195317871620502e-02,1.365268798859847407e-02,2.365426294475767022e-02,8.333951450302748420e-02
7.934484252598574816e-01,8.583064184914797334e-02,1.386504494731019034e-02,2.277753705237700599e-02,8.407835089130727413e-02
8.151883936481799653e-01,9.015667245621633574e-02,1.587158014173020368e-02,2.412817837977841023e-02,5.465517537409525506e-02
7.846008020576099584e-01,1.632699101808375020e-01,8.481392110952060831e-03,2.318166715547361270e-02,2.046622849512665793e-02
7.946155557187297713e-01,1.521222209602385578e-01,1.142408361141170753e-02,2.294159182202421335e-02,1.889654788759566675e-02
7.323144063148951943e-01,2.433034701766531860e-01,4.046826566991551695e-03,2.033529694146005151e-02,0.000000000000000000e+00
7.595213690450626220e-01,1.850848960171236346e-01,9.881426390796064357e-03,2.206814814961521182e-02,2.344416039740256433e-02
7.970424566010203549e-01,1.459535460083936087e-01,8.033292594928848410e-03,2.377899293114955209e-02,2.519171186450767583e-02
7.913548912128030022e-01,1.149135679746301347e-01,1.287809082723491427e-02,2.232875568792888968e-02,5.852469429740307649e-02
7.678109695923758249e-01,1.735516271395366739e-01,1.169168720323578332e-02,2.241771546988028177e-02,2.452800059497157320e-02
7.890340952650330975e-01,1.400792723349753022e-01,1.195409380071582595e-02,2.286479416044340587e-02,3.606774443883234427e-02
7.817588073677910199e-01,1.458662691964984215e-01,1.242925776017711481e-02,2.276139051325862944e-02,3.718427516227501561e-02
7.536087920857744704e-01,2.178005213052864875e-01,6.412211306033342023e-03,2.160842896169066010e-02,5.700463412150300231e-04
8.208280432971596374e-01,1.148694899020094029e-01,1.110371811979046081e-02,2.464190905961305064e-02,2.855683962142760088e-02
7.808343238612764914e-01,1.819480064590718316e-01,6.604782080815839278e-03,2.310492934538286788e-02,7.507958253452969022e-03
7.910124267145449695e-01,1.118363087303020503e-01,1.451937762868758114e-02,2.287024655888551458e-02,5.976164036757993653e-02
7.967129667856046593e-01,9.251509144902352044e-02,1.198082684340418154e-02,2.357677984007127206e-02,7.521433508189639960e-02
7.358759818006965769e-01,1.954262888933588904e-01,7.203793103228239326e-03,2.157457951588410278e-02,3.991935668683228855e-02
8.090224159605442500e-01,1.567907232441467236e-01,1.030938355533555714e-02,2.387747723997366706e-02,0.000000000000000000e+00
7.806515977730192901e-01,1.205159706273257192e-01,1.123286434503211612e-02,2.292595906263601366e-02,6.467360819198690602e-02
7.492135461039258759e-01,1.656533938419785246e-01,1.106570095687934782e-02,2.161280325365033672e-02,5.245455584356591844e-02
7.752388538904554371e-01,1.502693606535659698e-01,1.213425077267026725e-02,2.239614570897218923e-02,3.996138897433597348e-02
7.636487567752275885e-01,2.087952948866178826e-01,4.301421257969821436e-03,2.231955992848363296e-02,9.349671517010451531e-04
8.091428135462943594e-01,9.113695805763649682e-02,1.465225053276824133e-02,2.402926136494879308e-02,6.103871649835209551e-02
8.334984733004324742e-01,5.901729709098046256e-02,1.532161143650975429e-02,2.482528186489922975e-02,6.733733630717811391e-02
8.117390272657442063e-01,1.004329980182192550e-01,1.333855528734345305e-02,2.399985962470867207e-02,5.048955980398440319e-02
8.107728239452245411e-01,8.992268167676945034e-02,1.428521993511678093e-02,2.390965692671313814e-02,6.110961751617605825e-02
8.080903469644531434e-01,9.161821745897606728e-02,1.596153029673534271e-02,2.392675848648122272e-02,6.040314679335422737e-02
7.737325070884411016e-01,9.969066388125460976e-02,1.129045152514042069e-02,2.304800902116534850e-02,9.223836848399846744e-02
7.708510436833333479e-01,1.771245727258849711e-01,8.480916346183026491e-03,2.243851518693337418e-02,2.110495205766535834e-02
7.815017396546203310e-01,1.659224430416182949e-01,9.687431265067141667e-03,2.289847938285967041e-02,1.998990665583441975e-02
8.314352898006277526e-01,1.672158847397471268e-02,2.002900235670292822e-02,2.459068736757290610e-02,1.072234320011218184e-01
7.846572521156770508e-01,1.687373671476540826e-01,9.047407450454229838e-03,2.313298341657541932e-02,1.442498986963907173e-02
7.866056700254454581e-01,1.420259540116156349e-01,1.068364416736720252e-02,2.297748444794765754e-02,3.770724734762403996e-02
8.039539630588400376e-01,1.182144165845105538e-01,1.230885736161513484e-02,2.407934748200851391e-02,4.144341551302571647e-02
7.687859329051290880e-01,1.282262890305687075e-01,1.281468145449704381e-02,2.233990635373557521e-02,6.783319025606962538e-02
7.981949221298969555e-01,1.144452426326745959e-01,1.293504052611072624e-02,2.331643425784852772e-02,5.110836045346911494e-02
7.939264995682459025e-01,1.620200794954210211e-01,8.969975147874890975e-03,2.322785821457586802e-02,1.185558757388224284e-02
7.643350427258601698e-01,1.717089077331327429e-01,8.058303975876443190e-03,2.220725769224788509e-02,3.369048787288276420e-02
7.945196263770195610e-01,7.591919647888349665e-02,1.439756628378784098e-02,2.309726233469007461e-02,9.206634852561898508e-02
7.711823312335380765e-01,1.990999271917447411e-01,6.009399387321638641e-03,2.255693515666689838e-02,1.151407030728605115e-03
8.330868390099136489e-01,2.185423827820314260e-02,2.071711766887969139e-02,2.442143246471607104e-02,9.992037257828736974e-02
8.427423300332367306e-01,8.457987583534931630e-02,1.474304004827245267e-02,2.526822456527792055e-02,3.266652951786369607e-02
7.388648360845139207e-01,1.920808853587517573e-01,8.502222237540955907e-03,2.082660535178630992e-02,3.972545096740701803e-02
7.779501648486267795e-01,1.196296632416747052e-01,8.692684081770265039e-03,2.339812114774589974e-02,7.032936668018217874e-02
7.565857658570035449e-01,1.570764356297155440e-01,9.418244266011852397e-03,2.258965344875910053e-02,5.432990079851005016e-02
7.829704216036886821e-01,1.876657034188723705e-01,5.848391115207053625e-03,2.351548386223167517e-02,0.000000000000000000e+00
7.685716031438127871e-01,2.018967786201229797e-01,7.617982910540757081e-03,2.191363532552356719e-02,0.000000000000000000e+00
7.558312430329598985e-01,2.007435244198655377e-01,9.400552236691879157e-03,2.124852126358042770e-02,1.277615904690207124e-02
7.226089090581240271e-01,2.549286947019636096e-01,1.222998480936519656e-03,2.101049143650413759e-02,2.289063224717642370e-04
8.253407161168958561e-01,4.678096211851495018e-02,1.718162687731600302e-02,2.405449861916536536e-02,8.664219626810774899e-02
7.621457973734264701e-01,2.089328854481750375e-01,6.549340743801633849e-03,2.237197643459675270e-02,0.000000000000000000e+00
7.619738156814275243e-01,2.103859822393297774e-01,5.358101204699095010e-03,2.228210087454374558e-02,0.000000000000000000e+00
7.727505389459067286e-01,1.953154526697280235e-01,9.582439169450148245e-03,2.235156921491520191e-02,0.000000000000000000e+00
7.522178524908673669e-01,2.224964502584811377e-01,3.408617600558176610e-03,2.187707965009326461e-02,0.000000000000000000e+00
7.811711326087512619e-01,1.876894731046979403e-01,7.642722532975541536e-03,2.349667175357538287e-02,0.000000000000000000e+00
8.172962085872089721e-01,5.009915513460671405e-02,1.786172131155831094e-02,2.385562261958415822e-02,9.088729234704186200e-02
7.623923428409401515e-01,1.762680514042397062e-01,7.848444963502352115e-03,2.253490913511278435e-02,3.095625165620493474e-02
8.063393282778871241e-01,8.074282770786733732e-02,1.598585997276648005e-02,2.331692983210228304e-02,7.361505420937697330e-02
8.252736869010643961e-01,8.058175454247074043e-02,1.390373534096034022e-02,2.469081864383674413e-02,5.555000457166778954e-02
7.742871607896950614e-01,1.550610443527415949e-01,1.008931064184329790e-02,2.265043662216132542e-02,3.791204759355856074e-02
8.433028908909789845e-01,1.466342938083222032e-02,1.924399180901796916e-02,2.520743922024611811e-02,9.758224869892470621e-02
7.933829142812254265e-01,1.734472223364222077e-01,7.906987210596650231e-03,2.329511419186142476e-02,1.967761979894231458e-03
8.313983055303370007e-01,3.135129551578044738e-02,1.649048012376251246e-02,2.526572665901308246e-02,9.549419217110698133e-02
8.259798179639002980e-01,1.154335003157659495e-01,1.022117243751900773e-02,2.494781744079967167e-02,2.341769184201521192e-02
7.763803283296873969e-01,1.962058418037696261e-01,4.687999281800954952e-03,2.272583058474201764e-02,0.000000000000000000e+00
7.930954612149507810e-01,1.009578829804650135e-01,1.485187875227530693e-02,2.268347964208164771e-02,6.841129741022718147e-02
8.130545888953467637e-01,1.311689817312603756e-01,1.400775395530838921e-02,2.269854881069323371e-02,1.907012660739115101e-02
7.856491804390869360e-01,1.487475373304135706e-01,1.050438205379602627e-02,2.282858613617860105e-02,3.227031404052496666e-02
7.786626269080753060e-01,1.904618836599061005e-01,8.202087113510269159e-03,2.267340231850818039e-02,0.000000000000000000e+00
8.182261715798898605e-01,3.870750330346041379e-02,1.961814359872494223e-02,2.402003502417137532e-02,9.942814649375351921e-02
7.692088754842276721e-01,1.819255675091265012e-01,1.028218509501743587e-02,2.222358339590877960e-02,1.635978851571963030e-02
