# DNRN, Denitrification, Anammox, Nitrite Oxidation, CaCO3 Dissolution 
9.397125630382989758e-01,0.000000000000000000e+00,3.509748958393185680e-02,2.518994737776921941e-02,0.000000000000000000e+00
9.438097660471922445e-01,2.254955187335391505e-04,3.120569814030223210e-02,2.475904029377217277e-02,0.000000000000000000e+00
9.365533683751329219e-01,0.000000000000000000e+00,3.885803184615188588e-02,2.458859977871515404e-02,0.000000000000000000e+00
9.202866174636022967e-01,1.890542897712792214e-02,3.698279531630176142e-02,2.382515824296804405e-02,0.000000000000000000e+00
9.413903496166134977e-01,0.000000000000000000e+00,3.340409099064710341e-02,2.520555939273946833e-02,0.000000000000000000e+00
9.182849493203364410e-01,2.882841563375319535e-02,2.939555264401692847e-02,2.349108240189340738e-02,0.000000000000000000e+00
9.422046398822910840e-01,0.000000000000000000e+00,3.358458960617109745e-02,2.421077051153778734e-02,0.000000000000000000e+00
9.432069716915486568e-01,0.000000000000000000e+00,3.246940288957202853e-02,2.432362541887921406e-02,0.000000000000000000e+00
9.389825367735363804e-01,0.000000000000000000e+00,3.723637755169444119e-02,2.378108567476911947e-02,0.000000000000000000e+00
8.777253568701117725e-01,6.393171312935315431e-02,3.792834654372710668e-02,2.041458345680799771e-02,0.000000000000000000e+00
9.395904869148473670e-01,0.000000000000000000e+00,3.601465672848573607e-02,2.439485635666695240e-02,0.000000000000000000e+00
9.378032713706200285e-01,0.000000000000000000e+00,3.734332498081486401e-02,2.485340364856511094e-02,0.000000000000000000e+00
9.390932772772516701e-01,0.000000000000000000e+00,3.749271130398123403e-02,2.341401141876708891e-02,0.000000000000000000e+00
9.424604544981817211e-01,0.000000000000000000e+00,3.260145140149262738e-02,2.493809410032559251e-02,0.000000000000000000e+00
9.178771924831772289e-01,2.390171936050669230e-02,3.359045091942335082e-02,2.463063723689281129e-02,0.000000000000000000e+00
9.401769586734741724e-01,0.000000000000000000e+00,3.452794424020846215e-02,2.529509708631743833e-02,0.000000000000000000e+00
9.390313919020101263e-01,0.000000000000000000e+00,3.725097829693999052e-02,2.371762980104983112e-02,0.000000000000000000e+00
9.411481389651630280e-01,0.000000000000000000e+00,3.379643224634694409e-02,2.505542878849009725e-02,0.000000000000000000e+00
9.423693050187886833e-01,0.000000000000000000e+00,3.288121031995749205e-02,2.474948466125390448e-02,0.000000000000000000e+00
9.413808128506839790e-01,0.000000000000000000e+00,3.254983240269147121e-02,2.606935474662453595e-02,0.000000000000000000e+00
9.409176838342742100e-01,0.000000000000000000e+00,3.387517261607966845e-02,2.520714354964607648e-02,0.000000000000000000e+00
9.429836723023868883e-01,0.000000000000000000e+00,3.173195362300189337e-02,2.528437407461138139e-02,0.000000000000000000e+00
8.960714584827361717e-01,4.621392008734186846e-02,3.414244639940466203e-02,2.357217503051725616e-02,0.000000000000000000e+00
9.027737084251097333e-01,4.709808932124739250e-02,2.570016767941663005e-02,2.442803457422611235e-02,0.000000000000000000e+00
9.403259456770726166e-01,0.000000000000000000e+00,3.467178096061106218e-02,2.500227336231643227e-02,0.000000000000000000e+00
9.251604130351779309e-01,1.390857380885144809e-02,3.747700276321826868e-02,2.345401039275247373e-02,0.000000000000000000e+00
9.336857786457017916e-01,7.012521439399336219e-03,3.601227666678796790e-02,2.328942324811106301e-02,0.000000000000000000e+00
9.171152026054103512e-01,2.266334309839791034e-02,3.612762084794644141e-02,2.409383344824527276e-02,0.000000000000000000e+00
9.421671827568761648e-01,0.000000000000000000e+00,3.290825003506302887e-02,2.492456720806096246e-02,0.000000000000000000e+00
9.281926981048318481e-01,1.449470984155007934e-02,3.233714710343617987e-02,2.497544495018192215e-02,0.000000000000000000e+00
9.406618760096400189e-01,0.000000000000000000e+00,3.334573037915377486e-02,2.599239361120622357e-02,0.000000000000000000e+00
9.395319509643507150e-01,0.000000000000000000e+00,3.579803535999743352e-02,2.467001367565179251e-02,0.000000000000000000e+00
9.195053262191374976e-01,2.352973148806133258e-02,3.334830303639831767e-02,2.361663925640285558e-02,0.000000000000000000e+00
9.416526103305054018e-01,0.000000000000000000e+00,3.408723460046009929e-02,2.426015506903438784e-02,0.000000000000000000e+00
9.407768637563951319e-01,0.000000000000000000e+00,3.395429466875798941e-02,2.526884157484702090e-02,0.000000000000000000e+00
9.427095082331928833e-01,0.000000000000000000e+00,3.174363044636276110e-02,2.554686132044442851e-02,0.000000000000000000e+00
9.402145480656884935e-01,0.000000000000000000e+00,3.452320949226696939e-02,2.526224244204440875e-02,0.000000000000000000e+00
9.407213510412426594e-01,0.000000000000000000e+00,3.238839497424560870e-02,2.689025398451174581e-02,0.000000000000000000e+00
9.430637879412636648e-01,0.000000000000000000e+00,3.116052186696363982e-02,2.577569019177271617e-02,0.000000000000000000e+00
9.398415218290668838e-01,0.000000000000000000e+00,3.480029437693886452e-02,2.535818379399414069e-02,0.000000000000000000e+00
9.255531418858169435e-01,1.748657574713203405e-02,3.180964418168796132e-02,2.515063818536302648e-02,0.000000000000000000e+00
9.418282666188941832e-01,0.000000000000000000e+00,3.279134261813099194e-02,2.538039076297489427e-02,0.000000000000000000e+00
8.863480995872486945e-01,6.027445167410507010e-02,2.945498977475779351e-02,2.392245896388852169e-02,0.000000000000000000e+00
9.311910110329116863e-01,8.856126724812288936e-03,3.548965470110080483e-02,2.446320754117535523e-02,0.000000000000000000e+00
9.350235711406101879e-01,7.814474645696305524e-03,3.288687401431975715e-02,2.427508019937352560e-02,0.000000000000000000e+00
9.393615482931110261e-01,0.000000000000000000e+00,3.514749719741806083e-02,2.549095450947087838e-02,0.000000000000000000e+00
8.698382694809568827e-01,8.056821811475198269e-02,2.682145340615016416e-02,2.277205899814091841e-02,0.000000000000000000e+00
9.267081451685510451e-01,2.261855884666873900e-02,2.594555482959151962e-02,2.472774115518848112e-02,0.000000000000000000e+00
9.418346324354581744e-01,0.000000000000000000e+00,3.343077638409253094e-02,2.473459118044918012e-02,0.000000000000000000e+00
9.390833048713118636e-01,0.000000000000000000e+00,3.672411367987558212e-02,2.419258144881260633e-02,0.000000000000000000e+00
9.395245951267705564e-01,0.000000000000000000e+00,3.657522489634375262e-02,2.390017997688574300e-02,0.000000000000000000e+00
9.478141391477884481e-01,0.000000000000000000e+00,2.633211734686520186e-02,2.585374350534624596e-02,0.000000000000000000e+00
9.442205609041403047e-01,1.499525604251674121e-03,2.833826700652478797e-02,2.594164648508325358e-02,0.000000000000000000e+00
9.366299087539703416e-01,0.000000000000000000e+00,3.942060675074635784e-02,2.394948449528329359e-02,0.000000000000000000e+00
9.427461312808016469e-01,0.000000000000000000e+00,3.318452217089413320e-02,2.406934654830434825e-02,0.000000000000000000e+00
9.406118287236939768e-01,0.000000000000000000e+00,3.465463029318952004e-02,2.473354098311656563e-02,0.000000000000000000e+00
8.951481184751148845e-01,5.420606756402421289e-02,2.726165072405395753e-02,2.338416323680701792e-02,0.000000000000000000e+00
9.169840067634833503e-01,2.405771233610566953e-02,3.488075002678358433e-02,2.407753087362749303e-02,0.000000000000000000e+00
9.399331858021631181e-01,0.000000000000000000e+00,3.475329014728887472e-02,2.531352405054798291e-02,0.000000000000000000e+00
9.365791488627341899e-01,6.901967579079655059e-03,3.069742380530429346e-02,2.582145975288154677e-02,0.000000000000000000e+00
9.117322159750645971e-01,3.511896503966824290e-02,2.971409976475011816e-02,2.343471922051698283e-02,0.000000000000000000e+00
9.404758694081578607e-01,0.000000000000000000e+00,3.496295161773280147e-02,2.456117897410931006e-02,0.000000000000000000e+00
9.403318136084261036e-01,0.000000000000000000e+00,3.449770770070091641e-02,2.517047869087301812e-02,0.000000000000000000e+00
9.391334356547786921e-01,0.000000000000000000e+00,3.773677712548061808e-02,2.312978721974065163e-02,0.000000000000000000e+00
9.281756197547711418e-01,1.419910138196713890e-02,3.340432391763961673e-02,2.422095494562213208e-02,0.000000000000000000e+00
9.461218815225568290e-01,0.000000000000000000e+00,2.874972079887711668e-02,2.512839767856607509e-02,0.000000000000000000e+00
9.393849997797251161e-01,0.000000000000000000e+00,3.643182066565296695e-02,2.418317955462204530e-02,0.000000000000000000e+00
9.384844216947940687e-01,0.000000000000000000e+00,3.727887872314018108e-02,2.423669958206567387e-02,0.000000000000000000e+00
9.395567320716341486e-01,0.000000000000000000e+00,3.536271829188599586e-02,2.508054963647984165e-02,0.000000000000000000e+00
9.341571901632738095e-01,4.753828908348980108e-03,3.678315181623546815e-02,2.430582911214176911e-02,0.000000000000000000e+00
9.453618218920877281e-01,0.000000000000000000e+00,2.909608055568884549e-02,2.554209755222339520e-02,0.000000000000000000e+00
9.443109605549189212e-01,0.000000000000000000e+00,2.962529843084817788e-02,2.606374101423293912e-02,0.000000000000000000e+00
8.847731496546977770e-01,5.865821948372419714e-02,3.566018942724170915e-02,2.090844143433628205e-02,0.000000000000000000e+00
9.255958874360373789e-01,1.604120947592064042e-02,3.465594760511736538e-02,2.370695548292465690e-02,0.000000000000000000e+00
9.408918931810645869e-01,0.000000000000000000e+00,3.324827104477848932e-02,2.585983577415693069e-02,0.000000000000000000e+00
8.539961973233965997e-01,1.006327966104524074e-01,2.295075082727043511e-02,2.242025523888056468e-02,0.000000000000000000e+00
9.052362264563190708e-01,3.954390424323109970e-02,3.173927498237748973e-02,2.348059431807232589e-02,0.000000000000000000e+00
9.410701301242516692e-01,0.000000000000000000e+00,3.363499906313727889e-02,2.529487081261120110e-02,0.000000000000000000e+00
9.395037603336416909e-01,6.482008924821195360e-03,2.887597306833799074e-02,2.513825767319894516e-02,0.000000000000000000e+00
9.275543793012208660e-01,1.624784119694824142e-02,3.185826087657667172e-02,2.433951862525420354e-02,0.000000000000000000e+00
9.405949887515012708e-01,0.000000000000000000e+00,3.495036182506929684e-02,2.445464942342933864e-02,0.000000000000000000e+00
9.375484732868100135e-01,0.000000000000000000e+00,3.797473336525615528e-02,2.447679334793379999e-02,0.000000000000000000e+00
9.311480777391510921e-01,9.438724229037895319e-03,3.546564864053376731e-02,2.394754939127711341e-02,0.000000000000000000e+00
8.971982469032194762e-01,4.744104418010696572e-02,3.296254567112746198e-02,2.239816324554609606e-02,0.000000000000000000e+00
9.394716249579434519e-01,0.000000000000000000e+00,3.674003284177684153e-02,2.378834220027974469e-02,0.000000000000000000e+00
9.375523833291217191e-01,0.000000000000000000e+00,3.911112506897297669e-02,2.333649160190515159e-02,0.000000000000000000e+00
9.378379421619712497e-01,0.000000000000000000e+00,3.789981794379905511e-02,2.426223989422982355e-02,0.000000000000000000e+00
9.296073026737741163e-01,1.381573388938497557e-02,3.186860253349508426e-02,2.470836090334572327e-02,0.000000000000000000e+00
9.366922754880334656e-01,3.181222666571588767e-03,3.506746124883742405e-02,2.505904059655770719e-02,0.000000000000000000e+00
9.420258787762219033e-01,0.000000000000000000e+00,3.300329740792428551e-02,2.497082381585390837e-02,0.000000000000000000e+00
9.426222699322727161e-01,0.000000000000000000e+00,3.269123771108059517e-02,2.468649235664672342e-02,0.000000000000000000e+00
9.063645164838467494e-01,3.837952876154699516e-02,3.224637997004848461e-02,2.300957478455787492e-02,0.000000000000000000e+00
9.429897735166514749e-01,0.000000000000000000e+00,3.165660412046025080e-02,2.535362236288833671e-02,0.000000000000000000e+00
9.397158407818874126e-01,0.000000000000000000e+00,3.634445542646465299e-02,2.393970379164791357e-02,0.000000000000000000e+00
9.396857359453255620e-01,0.000000000000000000e+00,3.558945294476565518e-02,2.472481110990865094e-02,0.000000000000000000e+00
9.283703146269070006e-01,1.952375199759132443e-02,2.789197331782071465e-02,2.421396005768093607e-02,0.000000000000000000e+00
9.335802658535706788e-01,0.000000000000000000e+00,4.353611324501183849e-02,2.288362090141752778e-02,0.000000000000000000e+00
9.056546102811060539e-01,4.187848274325463999e-02,2.904172458118527492e-02,2.342518239445388548e-02,0.000000000000000000e+00
9.385112783835160011e-01,0.000000000000000000e+00,3.686727288081143028e-02,2.462144873567255823e-02,0.000000000000000000e+00
9.227505517098811838e-01,1.860916991382889629e-02,3.443629090219306466e-02,2.420398747409677545e-02,0.000000000000000000e+00
9.438813632188483016e-01,0.000000000000000000e+00,3.142793754930279376e-02,2.469069923184889770e-02,0.000000000000000000e+00
9.403891075314392278e-01,0.000000000000000000e+00,3.476678051486544602e-02,2.484411195369535391e-02,0.000000000000000000e+00
9.409159012938033140e-01,0.000000000000000000e+00,3.475604442153683998e-02,2.432805428465971767e-02,0.000000000000000000e+00
9.128587449024291312e-01,2.692291111698656009e-02,3.730035078102451884e-02,2.291799319955982114e-02,0.000000000000000000e+00
9.399850145482515629e-01,0.000000000000000000e+00,3.573126373049499011e-02,2.428372172125345396e-02,0.000000000000000000e+00
9.381552894314157953e-01,4.618106536540184104e-03,3.156048248020157376e-02,2.566612155184259253e-02,0.000000000000000000e+00
9.433219832089443369e-01,0.000000000000000000e+00,3.117880389116351597e-02,2.549921289989219575e-02,0.000000000000000000e+00
9.471540017950897949e-01,0.000000000000000000e+00,2.739326900744467816e-02,2.545272919746540199e-02,0.000000000000000000e+00
9.381895133351384475e-01,0.000000000000000000e+00,3.945441415794852247e-02,2.235607250691298842e-02,0.000000000000000000e+00
9.442680842974857658e-01,0.000000000000000000e+00,2.962290145321272786e-02,2.610901424930154799e-02,0.000000000000000000e+00
9.438341502972311670e-01,0.000000000000000000e+00,3.028012532329514908e-02,2.588572437947358681e-02,0.000000000000000000e+00
9.393506091522539903e-01,0.000000000000000000e+00,3.535861216052021971e-02,2.529077868722577963e-02,0.000000000000000000e+00
9.422160413840129367e-01,0.000000000000000000e+00,3.402851673716068143e-02,2.375544187882623615e-02,0.000000000000000000e+00
9.427954992914077126e-01,0.000000000000000000e+00,3.208980960096757817e-02,2.511469110762470924e-02,0.000000000000000000e+00
9.431890197724451808e-01,0.000000000000000000e+00,3.229847723214563510e-02,2.451250299540926741e-02,0.000000000000000000e+00
9.409372941937081958e-01,0.000000000000000000e+00,3.450835962315283723e-02,2.455434618313904332e-02,0.000000000000000000e+00
9.398205636310783539e-01,0.000000000000000000e+00,3.507998104158215058e-02,2.509945532733963772e-02,0.000000000000000000e+00
9.395842077189598962e-01,0.000000000000000000e+00,3.567712010853227311e-02,2.473867217250785497e-02,0.000000000000000000e+00
8.955469842865464436e-01,4.692913045940706740e-02,3.475477306526921634e-02,2.276911218877717899e-02,0.000000000000000000e+00
8.814476100762227428e-01,6.754859814198303780e-02,2.845931902428859919e-02,2.254447275750555077e-02,0.000000000000000000e+00
9.137364394369362763e-01,2.994400770855770721e-02,3.147131889765521218e-02,2.484823395685071407e-02,0.000000000000000000e+00
9.382907714355857021e-01,0.000000000000000000e+00,3.655082131608874269e-02,2.515840724832545811e-02,0.000000000000000000e+00
8.847444050480449684e-01,6.039711800638880579e-02,3.239392724082613972e-02,2.246454970474022830e-02,0.000000000000000000e+00
9.147243809901595135e-01,2.910810856116102449e-02,3.169269778096249490e-02,2.447481266771687688e-02,0.000000000000000000e+00
9.272784742332572661e-01,1.470731360372317179e-02,3.336125237703108787e-02,2.465295978598852633e-02,0.000000000000000000e+00
9.037106539071162459e-01,4.279715858569552861e-02,2.959399375439467766e-02,2.389819375279354091e-02,0.000000000000000000e+00
9.311281064718429645e-01,9.599410525045034420e-03,3.515791414033734436e-02,2.411456886277469139e-02,0.000000000000000000e+00
9.426171401513919745e-01,0.000000000000000000e+00,3.220932562359799661e-02,2.517353422501020233e-02,0.000000000000000000e+00
9.423349675237794321e-01,0.000000000000000000e+00,3.243666865968014568e-02,2.522836381654029736e-02,0.000000000000000000e+00
9.018597632106953865e-01,4.448291672371543909e-02,2.957820711592436952e-02,2.407911294966492283e-02,0.000000000000000000e+00
9.227815051764327592e-01,1.727950523751399514e-02,3.571142329313570923e-02,2.422756629291748787e-02,0.000000000000000000e+00
9.451232325922368505e-01,0.000000000000000000e+00,2.885102251707712812e-02,2.602574489068587571e-02,0.000000000000000000e+00
9.427044938764337356e-01,0.000000000000000000e+00,3.159777310194270689e-02,2.569773302162346382e-02,0.000000000000000000e+00
9.335340378199398215e-01,0.000000000000000000e+00,4.361091396001905846e-02,2.285504822004106457e-02,0.000000000000000000e+00
8.950113074111702982e-01,5.189478332132527877e-02,3.046554952821783208e-02,2.262835973928675054e-02,0.000000000000000000e+00
9.400163978590012626e-01,0.000000000000000000e+00,3.404044914543863376e-02,2.594315299556006552e-02,0.000000000000000000e+00
9.382452888953594083e-01,0.000000000000000000e+00,3.767635263258731215e-02,2.407835847205339053e-02,0.000000000000000000e+00
9.395414764155692877e-01,0.000000000000000000e+00,3.697361274007026494e-02,2.348491084436050980e-02,0.000000000000000000e+00
9.429697830414922599e-01,0.000000000000000000e+00,3.279872804452214213e-02,2.423148891398580959e-02,0.000000000000000000e+00
9.409676676360633207e-01,0.000000000000000000e+00,3.322408120813943183e-02,2.580825115579719539e-02,0.000000000000000000e+00
9.405568197871937430e-01,0.000000000000000000e+00,3.437355292714512622e-02,2.506962728566107870e-02,0.000000000000000000e+00
9.412431644793011198e-01,0.000000000000000000e+00,3.416369842123442857e-02,2.459313709946443077e-02,0.000000000000000000e+00
9.256971997526945994e-01,1.619191491056451437e-02,3.310058224608466299e-02,2.501030309065606361e-02,0.000000000000000000e+00
9.409866932055861444e-01,0.000000000000000000e+00,3.378639271863802251e-02,2.522691407577592679e-02,0.000000000000000000e+00
9.417833526996575166e-01,0.000000000000000000e+00,3.306242492525066079e-02,2.515422237509182257e-02,0.000000000000000000e+00
8.868514538715940310e-01,5.430699980779239017e-02,3.568699216973853644e-02,2.315455415087527488e-02,0.000000000000000000e+00
9.422806221054765841e-01,0.000000000000000000e+00,3.374781476142524328e-02,2.397156313309816572e-02,0.000000000000000000e+00
8.773934725829946046e-01,7.567525972759177322e-02,2.393537090720466651e-02,2.299589678220898339e-02,0.000000000000000000e+00
9.397875684370240457e-01,0.000000000000000000e+00,3.473252890386369085e-02,2.547990265911226349e-02,0.000000000000000000e+00
9.441571307150083969e-01,0.000000000000000000e+00,3.040002629617489724e-02,2.544284298881669543e-02,0.000000000000000000e+00
9.254841521748631283e-01,1.507942717047786214e-02,3.515244912835786134e-02,2.428397152630116379e-02,0.000000000000000000e+00
9.429728949679622163e-01,0.000000000000000000e+00,3.170050789949226816e-02,2.532659713254548431e-02,0.000000000000000000e+00
8.302875158674958289e-01,1.204827701847485666e-01,2.735827081376195416e-02,2.187144313399360870e-02,0.000000000000000000e+00
9.189097794255154383e-01,1.979301243891721726e-02,3.864351157156889482e-02,2.265369656399849468e-02,0.000000000000000000e+00
9.385350485523354935e-01,0.000000000000000000e+00,3.712444412472418881e-02,2.434050732294035582e-02,0.000000000000000000e+00
9.427016804482024614e-01,0.000000000000000000e+00,3.230058818120665892e-02,2.499773137059076861e-02,0.000000000000000000e+00
9.304202378024314379e-01,6.974783354073164042e-03,3.965478085094743116e-02,2.295019799254798681e-02,0.000000000000000000e+00
9.383666837310974396e-01,0.000000000000000000e+00,3.758297319255445718e-02,2.405034307634801999e-02,0.000000000000000000e+00
9.416013231505421244e-01,0.000000000000000000e+00,3.395785766053174143e-02,2.444081918892601624e-02,0.000000000000000000e+00
9.391654264684824449e-01,0.000000000000000000e+00,3.541504721492957919e-02,2.541952631658791692e-02,0.000000000000000000e+00
9.428538065022605830e-01,0.000000000000000000e+00,3.166822016389970323e-02,2.547797333383986645e-02,0.000000000000000000e+00
9.344353612328103464e-01,9.589220006066984450e-03,3.159069887575449709e-02,2.438471988536803151e-02,0.000000000000000000e+00
9.405164861978458912e-01,0.000000000000000000e+00,3.360433384737296358e-02,2.587917995478121111e-02,0.000000000000000000e+00
9.177947418916346800e-01,2.403662847854618617e-02,3.450727926808532658e-02,2.366135036173378295e-02,0.000000000000000000e+00
9.366191442832327851e-01,0.000000000000000000e+00,4.072411316904736567e-02,2.265674254771981797e-02,0.000000000000000000e+00
9.415160078312063696e-01,0.000000000000000000e+00,3.279088509337498014e-02,2.569310707541859473e-02,0.000000000000000000e+00
9.388155387545341624e-01,0.000000000000000000e+00,3.613524548058671959e-02,2.504921576487897233e-02,0.000000000000000000e+00
9.386408416195254345e-01,0.000000000000000000e+00,3.692057193002144799e-02,2.443858645045319383e-02,0.000000000000000000e+00
9.214727484319150674e-01,2.242806640320941722e-02,3.146891784454735469e-02,2.463026732032821964e-02,0.000000000000000000e+00
9.383701592012332338e-01,0.000000000000000000e+00,3.685096225262354114e-02,2.477887854614315918e-02,0.000000000000000000e+00
9.412149296071155025e-01,0.000000000000000000e+00,3.456163307521147726e-02,2.422343731767299946e-02,0.000000000000000000e+00
9.382246028275076366e-01,0.000000000000000000e+00,3.755438325749681228e-02,2.422101391499557194e-02,0.000000000000000000e+00
9.433404340294110346e-01,0.000000000000000000e+00,3.220790384000780243e-02,2.445166213058109356e-02,0.000000000000000000e+00
9.367325782193163253e-01,3.363323397218145189e-03,3.557926134892676340e-02,2.432483703453883553e-02,0.000000000000000000e+00
9.132307882476001781e-01,3.285701744999033891e-02,3.076313360698075539e-02,2.314906069542892880e-02,0.000000000000000000e+00
9.401740458840981418e-01,0.000000000000000000e+00,3.454657645164332935e-02,2.527937766425861904e-02,0.000000000000000000e+00
9.440553875384021243e-01,0.000000000000000000e+00,3.011741042660355180e-02,2.582720203499442105e-02,0.000000000000000000e+00
9.349946266072111101e-01,8.809870092927728907e-03,3.093889702322837054e-02,2.525660627663281477e-02,0.000000000000000000e+00
9.368059729888884579e-01,0.000000000000000000e+00,3.913715774158384869e-02,2.405686926952756502e-02,0.000000000000000000e+00
9.405673103007631264e-01,0.000000000000000000e+00,3.495051837105177944e-02,2.448217132818512887e-02,0.000000000000000000e+00
9.392847824429092496e-01,4.190557791586207309e-03,3.201490353052378196e-02,2.450975623498085135e-02,0.000000000000000000e+00
8.801336176529155342e-01,6.676637556218621705e-02,3.157570491352494624e-02,2.152430187137338233e-02,0.000000000000000000e+00
9.418486446856358940e-01,0.000000000000000000e+00,3.335795839346544778e-02,2.479339692089852637e-02,0.000000000000000000e+00
9.437492344239658548e-01,0.000000000000000000e+00,3.063132830877156321e-02,2.561943726726248483e-02,0.000000000000000000e+00
9.348279826177121610e-01,7.381669502402510644e-03,3.309842429439292799e-02,2.469192358549246111e-02,0.000000000000000000e+00
9.397311707299015326e-01,0.000000000000000000e+00,3.561927683567768510e-02,2.464955243442089675e-02,0.000000000000000000e+00
9.096456545656119719e-01,3.330532343685913693e-02,3.324534796176424611e-02,2.380367403576482202e-02,0.000000000000000000e+00
9.396502458470694652e-01,0.000000000000000000e+00,3.526854574563843131e-02,2.508120840729207920e-02,0.000000000000000000e+00
9.422777579277173965e-01,0.000000000000000000e+00,3.265637919729059979e-02,2.506586287499204188e-02,0.000000000000000000e+00
9.390287413445230769e-01,0.000000000000000000e+00,3.640793103698203304e-02,2.456332761849488316e-02,0.000000000000000000e+00
9.390426711966655127e-01,0.000000000000000000e+00,3.575081910121674644e-02,2.520650970211766803e-02,0.000000000000000000e+00
9.263444494331503076e-01,1.727081124577102555e-02,3.126681702946890878e-02,2.511792229160974763e-02,0.000000000000000000e+00
9.417875932910522163e-01,0.000000000000000000e+00,3.378435628351501852e-02,2.442805042543284844e-02,0.000000000000000000e+00
9.376425336977949332e-01,0.000000000000000000e+00,3.830418883286183102e-02,2.405327746934323926e-02,0.000000000000000000e+00
9.366198527203285495e-01,0.000000000000000000e+00,3.920975667488617311e-02,2.417039060478528081e-02,0.000000000000000000e+00
9.322808077617746880e-01,1.216109690375499416e-02,3.043525674114686344e-02,2.512283859332334335e-02,0.000000000000000000e+00
9.361339433369182395e-01,3.946310496394952669e-03,3.522579830969451570e-02,2.469394785699232167e-02,0.000000000000000000e+00
9.018254046421563253e-01,4.643654554603815487e-02,2.809582000513790104e-02,2.364222980666779578e-02,0.000000000000000000e+00
9.425642748948487304e-01,0.000000000000000000e+00,3.169810217182546241e-02,2.573762293332590781e-02,0.000000000000000000e+00
8.970328632969424287e-01,5.249821658539324115e-02,2.640968838197763069e-02,2.405923173568681045e-02,0.000000000000000000e+00
9.401648428762328091e-01,0.000000000000000000e+00,3.637119217509492825e-02,2.346396494867213078e-02,0.000000000000000000e+00
9.409188315289787052e-01,0.000000000000000000e+00,3.452791614896135591e-02,2.455325232205992150e-02,0.000000000000000000e+00
9.066751041873323258e-01,3.886287445666299772e-02,3.018998563296160925e-02,2.427203572304318172e-02,0.000000000000000000e+00
9.184248762529011456e-01,2.862780452795427033e-02,2.747654400194567137e-02,2.547077521719877391e-02,0.000000000000000000e+00
9.371583854368940036e-01,0.000000000000000000e+00,3.775629385220991702e-02,2.508532071089598220e-02,0.000000000000000000e+00
9.416152729824480705e-01,0.000000000000000000e+00,3.296213790858147641e-02,2.542258910897053983e-02,0.000000000000000000e+00
9.370540564323379673e-01,0.000000000000000000e+00,3.924963952089422642e-02,2.369630404676780280e-02,0.000000000000000000e+00
9.396545184542778317e-01,0.000000000000000000e+00,3.568723158246889238e-02,2.465824996325320650e-02,0.000000000000000000e+00
9.416284270795162170e-01,0.000000000000000000e+00,3.328433720454402472e-02,2.508723571593979990e-02,0.000000000000000000e+00
8.913080876397400099e-01,5.363067041547091296e-02,3.242099828709543718e-02,2.264024365769378919e-02,0.000000000000000000e+00
9.083161881759069800e-01,3.717751629116580053e-02,3.117033382986626050e-02,2.333596170306119835e-02,0.000000000000000000e+00
9.396826708445793486e-01,0.000000000000000000e+00,3.640835739716277719e-02,2.390897175825790200e-02,0.000000000000000000e+00
9.309326816206060506e-01,9.610594748952740185e-03,3.451163112383608123e-02,2.494509250660488855e-02,0.000000000000000000e+00
9.454279770260290983e-01,0.000000000000000000e+00,2.896991310690116145e-02,2.560210986706957376e-02,0.000000000000000000e+00
9.287968940262975037e-01,1.455874462734136482e-02,3.255570102876448324e-02,2.408866031759663781e-02,0.000000000000000000e+00
9.404223691132828078e-01,0.000000000000000000e+00,3.520828641269027615e-02,2.436934447402696116e-02,0.000000000000000000e+00
9.332828754287834094e-01,7.252416805529691805e-03,3.460700150382780421e-02,2.485770626185910062e-02,0.000000000000000000e+00
8.633365067480818222e-01,8.707559390868480076e-02,2.744374261251968095e-02,2.214415673071359891e-02,0.000000000000000000e+00
9.379053261232505045e-01,0.000000000000000000e+00,3.800816104651277838e-02,2.408651283023676218e-02,0.000000000000000000e+00
9.409787156145688058e-01,0.000000000000000000e+00,3.442816471194885819e-02,2.459311967348232555e-02,0.000000000000000000e+00
9.405309019966526796e-01,0.000000000000000000e+00,3.558846534025284641e-02,2.388063266309444974e-02,0.000000000000000000e+00
9.415204680985135299e-01,0.000000000000000000e+00,3.458640421127248676e-02,2.389312769021389310e-02,0.000000000000000000e+00
9.438061824210045581e-01,0.000000000000000000e+00,3.093887755376178994e-02,2.525494002523370057e-02,0.000000000000000000e+00
9.363190358067250418e-01,1.491411299198352287e-03,3.904746060795792617e-02,2.314209228611875668e-02,0.000000000000000000e+00
9.323945604236018037e-01,5.789208990415414292e-03,3.921666812742012620e-02,2.259956245856249019e-02,0.000000000000000000e+00
9.381339012969860391e-01,0.000000000000000000e+00,3.771502500238365502e-02,2.415107370063032666e-02,0.000000000000000000e+00
8.962788864273442124e-01,5.123293075208854713e-02,3.039796004035714982e-02,2.209022278021013572e-02,0.000000000000000000e+00
9.404821362004475160e-01,0.000000000000000000e+00,3.521103556707753240e-02,2.430682823247498625e-02,0.000000000000000000e+00
9.408179774536711282e-01,0.000000000000000000e+00,3.504835900549563288e-02,2.413366354083329446e-02,0.000000000000000000e+00
9.407202265585347112e-01,0.000000000000000000e+00,3.384734005502132437e-02,2.543243338644408935e-02,0.000000000000000000e+00
9.401459748461423738e-01,0.000000000000000000e+00,3.543428439518673395e-02,2.441974075867087493e-02,0.000000000000000000e+00
9.331328368122042693e-01,1.088389294308770953e-02,3.048417156342924164e-02,2.549909868127884366e-02,0.000000000000000000e+00
9.169278758121045536e-01,2.834492589767888607e-02,3.051299234203265834e-02,2.421420594818391239e-02,0.000000000000000000e+00
9.405935849306727992e-01,0.000000000000000000e+00,3.448918435678315075e-02,2.491723071254398764e-02,0.000000000000000000e+00
8.714688335340172731e-01,7.655075842459557744e-02,3.025377402381663333e-02,2.172663401757052998e-02,0.000000000000000000e+00
8.934737181307473852e-01,5.135018410731236743e-02,3.143724580239243976e-02,2.373885195954793595e-02,0.000000000000000000e+00
8.949832000358055595e-01,5.177943262224774662e-02,3.010498911899069444e-02,2.313237822295607232e-02,0.000000000000000000e+00
9.288493958278977169e-01,1.557390644646990639e-02,3.032802480307730808e-02,2.524867292255514664e-02,0.000000000000000000e+00
9.371708410708619041e-01,4.754563625413143861e-03,3.267776431370862655e-02,2.539683099001625866e-02,0.000000000000000000e+00
9.400495397329385883e-01,0.000000000000000000e+00,3.605853423713099859e-02,2.389192602993042355e-02,0.000000000000000000e+00
9.411160939141609560e-01,0.000000000000000000e+00,3.314519532916906930e-02,2.573871075666991221e-02,0.000000000000000000e+00
9.137596357448454221e-01,2.431555441908726800e-02,3.845036369549550276e-02,2.347444614057183493e-02,0.000000000000000000e+00
9.371594798988421848e-01,0.000000000000000000e+00,4.009893394153610929e-02,2.274158615962164690e-02,0.000000000000000000e+00
9.325041280257357901e-01,6.808452882639575571e-03,3.567205361773093802e-02,2.501536547389358184e-02,0.000000000000000000e+00
9.390856520947054031e-01,0.000000000000000000e+00,3.604834449017246811e-02,2.486600341512217732e-02,0.000000000000000000e+00
9.419154800297082630e-01,0.000000000000000000e+00,3.352273726358821759e-02,2.456178270670353672e-02,0.000000000000000000e+00
9.406137138758554617e-01,0.000000000000000000e+00,3.504996052508035920e-02,2.433632559906416873e-02,0.000000000000000000e+00
9.266238286724670647e-01,1.176003564446709629e-02,3.759829042954079825e-02,2.401784525352479785e-02,0.000000000000000000e+00
9.413506564154382472e-01,0.000000000000000000e+00,3.165175856170508728e-02,2.699758502285664122e-02,0.000000000000000000e+00
9.439839072875229053e-01,0.000000000000000000e+00,2.977916918393049353e-02,2.623692352854664622e-02,0.000000000000000000e+00
9.449543319494961846e-01,0.000000000000000000e+00,2.953441719763117215e-02,2.551125085287251487e-02,0.000000000000000000e+00
9.424573762968494473e-01,0.000000000000000000e+00,3.325282401121715248e-02,2.428979969193329619e-02,0.000000000000000000e+00
9.405902372669060485e-01,0.000000000000000000e+00,3.438836953032013005e-02,2.502139320277379370e-02,0.000000000000000000e+00
9.445351332261953115e-01,0.000000000000000000e+00,2.959770265214693025e-02,2.586716412165767504e-02,0.000000000000000000e+00
9.405099074443499241e-01,0.000000000000000000e+00,3.403767126929901216e-02,2.545242128635100132e-02,0.000000000000000000e+00
9.252474435372074479e-01,1.552147210766285923e-02,3.532971813596182814e-02,2.390136621916804163e-02,0.000000000000000000e+00
9.422751018275358215e-01,0.000000000000000000e+00,3.197070068123496894e-02,2.575419749122922347e-02,0.000000000000000000e+00
9.392930411662262502e-01,0.000000000000000000e+00,3.617627597149573188e-02,2.453068286227802833e-02,0.000000000000000000e+00
9.196949233659411638e-01,2.467270017762466031e-02,3.130572550562837897e-02,2.432665095080580042e-02,0.000000000000000000e+00
9.434286338383863768e-01,0.000000000000000000e+00,3.099256078109259224e-02,2.557880538052100319e-02,0.000000000000000000e+00
9.406980065044455719e-01,0.000000000000000000e+00,3.418324258912029678e-02,2.511875090643396133e-02,0.000000000000000000e+00
9.427387019551931591e-01,0.000000000000000000e+00,3.118959655084833568e-02,2.607170149395853995e-02,0.000000000000000000e+00
9.403513355551160746e-01,0.000000000000000000e+00,3.494193696641389318e-02,2.470672747847002873e-02,0.000000000000000000e+00
9.347383236466786371e-01,0.000000000000000000e+00,4.166957509322070236e-02,2.359210126010057029e-02,0.000000000000000000e+00
9.277978186410279493e-01,1.326934062409722108e-02,3.493573609350505982e-02,2.399710464136987909e-02,0.000000000000000000e+00
9.117410787239624836e-01,3.419471950625072726e-02,3.048402660150441659e-02,2.358017516828227189e-02,0.000000000000000000e+00
9.411900445662068071e-01,0.000000000000000000e+00,3.332937680864801744e-02,2.548057862514523791e-02,0.000000000000000000e+00
9.381916022458141047e-01,0.000000000000000000e+00,3.756703660869729205e-02,2.424136114548865878e-02,0.000000000000000000e+00
9.356805559381915494e-01,2.440771088904847893e-03,3.758332301555190186e-02,2.429534995735180281e-02,0.000000000000000000e+00
9.400999633859353777e-01,0.000000000000000000e+00,3.607877674292900294e-02,2.382125987113552223e-02,0.000000000000000000e+00
9.396026368232007764e-01,0.000000000000000000e+00,3.732783355694273969e-02,2.306952961985635556e-02,0.000000000000000000e+00
9.414657333655687133e-01,0.000000000000000000e+00,3.375786018456532894e-02,2.477640644986601678e-02,0.000000000000000000e+00
9.401293183661281194e-01,0.000000000000000000e+00,3.545327084864650924e-02,2.441741078522540950e-02,0.000000000000000000e+00
9.252340470910590531e-01,2.109222110684406265e-02,2.876836086242342411e-02,2.490537093967348792e-02,0.000000000000000000e+00
9.118923645277705603e-01,2.980871061351778734e-02,3.716608281200402264e-02,2.113284204670754646e-02,0.000000000000000000e+00
9.386951925849583711e-01,0.000000000000000000e+00,3.635818944654003321e-02,2.494661796850165467e-02,0.000000000000000000e+00
9.412794530422814443e-01,0.000000000000000000e+00,3.420844948687481318e-02,2.451209747084366966e-02,0.000000000000000000e+00
9.393342770259678343e-01,0.000000000000000000e+00,3.579686079356780154e-02,2.486886218046420113e-02,0.000000000000000000e+00
9.392454490617140328e-01,0.000000000000000000e+00,3.602240269635734182e-02,2.473214824192873987e-02,0.000000000000000000e+00
9.159194021293763921e-01,2.646779584347861911e-02,3.418238288997984403e-02,2.343041913716504068e-02,0.000000000000000000e+00
9.390391871357991471e-01,0.000000000000000000e+00,3.611572080011012098e-02,2.484509206409077006e-02,0.000000000000000000e+00
8.840240440653417409e-01,6.887405247096871352e-02,2.370598689564414399e-02,2.339591656804543979e-02,0.000000000000000000e+00
9.150610386711418576e-01,3.041343719579898963e-02,3.035893320365257858e-02,2.416659092940644585e-02,0.000000000000000000e+00
9.414792000666795113e-01,0.000000000000000000e+00,3.380717449752082548e-02,2.471362543579970483e-02,0.000000000000000000e+00
9.423392502300425022e-01,0.000000000000000000e+00,3.250059928484859417e-02,2.516015048510906321e-02,0.000000000000000000e+00
9.378946051800496342e-01,8.150526185064855753e-03,2.811087566648206790e-02,2.584399296840347512e-02,0.000000000000000000e+00
9.354370403394735023e-01,3.746553308243121255e-03,3.718610058886685082e-02,2.363030576341643846e-02,0.000000000000000000e+00
9.309626661683043647e-01,1.105074387596067208e-02,3.231308458604276873e-02,2.567350536969208868e-02,0.000000000000000000e+00
9.409189120488555824e-01,0.000000000000000000e+00,3.481992969778432978e-02,2.426115825336012249e-02,0.000000000000000000e+00
9.313551096512708849e-01,1.050803496939913505e-02,3.359325258252426200e-02,2.454360279680557755e-02,0.000000000000000000e+00
9.448681058473685779e-01,0.000000000000000000e+00,3.047604814685683783e-02,2.465584600577459123e-02,0.000000000000000000e+00
9.396031095175230163e-01,0.000000000000000000e+00,3.590890697939196768e-02,2.448798350308497088e-02,0.000000000000000000e+00
9.399636564011980555e-01,0.000000000000000000e+00,3.481383331604025883e-02,2.522251028276168913e-02,0.000000000000000000e+00
9.404576451630379808e-01,0.000000000000000000e+00,3.405025798137684828e-02,2.549209685558510852e-02,0.000000000000000000e+00
9.437399388144559476e-01,0.000000000000000000e+00,3.115229034614570500e-02,2.510777083939837520e-02,0.000000000000000000e+00
9.375402144101603330e-01,2.884663393325923898e-03,3.512807159305002258e-02,2.444705060346387751e-02,0.000000000000000000e+00
9.385181552410966077e-01,0.000000000000000000e+00,3.654933743232001431e-02,2.493250732658345431e-02,0.000000000000000000e+00
9.438845092248431268e-01,0.000000000000000000e+00,3.065421509594357108e-02,2.546127567921316684e-02,0.000000000000000000e+00
9.421111404924549237e-01,0.000000000000000000e+00,3.242981087343712460e-02,2.545904863410801064e-02,0.000000000000000000e+00
9.426616470826375549e-01,0.000000000000000000e+00,3.246019869621684373e-02,2.487815422114559444e-02,0.000000000000000000e+00
9.383494302079294913e-01,0.000000000000000000e+00,3.707771713223165927e-02,2.457285265983886677e-02,0.000000000000000000e+00
9.240467628083089968e-01,1.698343063081930032e-02,3.457834477806819018e-02,2.439146178280342595e-02,0.000000000000000000e+00
9.391280323579993539e-01,0.000000000000000000e+00,3.710682782790397649e-02,2.376513981409678067e-02,0.000000000000000000e+00
9.313370860907774773e-01,1.270861671768047998e-02,2.999428454151081141e-02,2.596001265003133190e-02,0.000000000000000000e+00
9.439202087149585196e-01,0.000000000000000000e+00,2.906478171666655730e-02,2.701500956837500286e-02,0.000000000000000000e+00
9.388489085820076463e-01,0.000000000000000000e+00,3.638687653279540357e-02,2.476421488519698136e-02,0.000000000000000000e+00
9.413968064083029219e-01,0.000000000000000000e+00,3.345472510509400060e-02,2.514846848660306708e-02,0.000000000000000000e+00
9.384840496419251110e-01,0.000000000000000000e+00,3.744439415674680194e-02,2.407155620132820847e-02,0.000000000000000000e+00
9.245249731116282899e-01,1.754287975861960891e-02,3.279733619883347384e-02,2.513481093091847821e-02,0.000000000000000000e+00
9.352920849591537245e-01,6.331369005878338500e-03,3.285494362593472523e-02,2.552160240903318320e-02,0.000000000000000000e+00
9.431171611231318197e-01,0.000000000000000000e+00,3.212922682452076101e-02,2.475361205234749215e-02,0.000000000000000000e+00
9.439720704169721754e-01,0.000000000000000000e+00,2.987505585435774186e-02,2.615287372867010005e-02,0.000000000000000000e+00
9.170344245946169259e-01,2.487973681737221804e-02,3.398915356577478231e-02,2.409668502223591413e-02,0.000000000000000000e+00
9.429068977050953926e-01,0.000000000000000000e+00,3.129272553210640101e-02,2.580037676279821682e-02,0.000000000000000000e+00
9.411209474023032318e-01,0.000000000000000000e+00,3.486569629407552939e-02,2.401335630362131171e-02,0.000000000000000000e+00
9.012369029294481360e-01,4.281118965867607151e-02,3.272011714953181050e-02,2.323179026234399244e-02,0.000000000000000000e+00
9.220172585134429610e-01,2.165139039168546137e-02,3.208045460594562831e-02,2.425089648892609154e-02,0.000000000000000000e+00
9.376567126960044796e-01,0.000000000000000000e+00,3.852136598812566648e-02,2.382192131586979150e-02,0.000000000000000000e+00
9.375976777887153890e-01,0.000000000000000000e+00,3.879157030187670857e-02,2.361075190940789548e-02,0.000000000000000000e+00
