# DNRN, Denitrification, Anammox, Nitrite Oxidation, CaCO3 Dissolution 
9.370397453631361673e-01,0.000000000000000000e+00,3.889699718042804316e-02,2.406325745643576181e-02,0.000000000000000000e+00
9.379859461296057299e-01,0.000000000000000000e+00,3.805019960003026142e-02,2.396385427036414051e-02,0.000000000000000000e+00
9.376864441361502100e-01,0.000000000000000000e+00,3.865128205632960973e-02,2.366227380752024614e-02,0.000000000000000000e+00
9.376648758200173406e-01,0.000000000000000000e+00,3.860012899092194610e-02,2.373499518906063005e-02,0.000000000000000000e+00
9.411741899723489180e-01,0.000000000000000000e+00,3.405659208090950490e-02,2.476921794674161181e-02,0.000000000000000000e+00
9.401703478539394920e-01,0.000000000000000000e+00,3.554322390693479689e-02,2.428642823912564169e-02,0.000000000000000000e+00
9.400303888594265800e-01,0.000000000000000000e+00,3.689027583237206726e-02,2.307933530820138399e-02,0.000000000000000000e+00
9.368916952045316382e-01,0.000000000000000000e+00,3.804281666036853082e-02,2.506548813509989343e-02,0.000000000000000000e+00
9.378342371331456206e-01,0.000000000000000000e+00,3.835681451535409570e-02,2.380894835150037039e-02,0.000000000000000000e+00
9.355425083102043571e-01,0.000000000000000000e+00,4.067199509775129562e-02,2.378549659204427444e-02,0.000000000000000000e+00
9.390947845764824331e-01,0.000000000000000000e+00,3.690817840749258116e-02,2.399703701602506553e-02,0.000000000000000000e+00
9.399872490611904663e-01,0.000000000000000000e+00,3.623914749826753073e-02,2.377360344054194746e-02,0.000000000000000000e+00
9.376036403215255444e-01,0.000000000000000000e+00,3.817676438146166279e-02,2.421959529701285183e-02,0.000000000000000000e+00
9.383254680336954312e-01,0.000000000000000000e+00,3.788862434617114999e-02,2.378590762013337370e-02,0.000000000000000000e+00
9.358527592380530002e-01,0.000000000000000000e+00,4.107267174831633061e-02,2.307456901363062404e-02,0.000000000000000000e+00
9.368631763118635547e-01,0.000000000000000000e+00,3.858487733332326836e-02,2.455194635481321511e-02,0.000000000000000000e+00
9.388013778360710937e-01,0.000000000000000000e+00,3.726362455567438364e-02,2.393499760825438735e-02,0.000000000000000000e+00
9.383385055603075120e-01,0.000000000000000000e+00,3.721182231656571665e-02,2.444967212312684768e-02,0.000000000000000000e+00
9.403319435567861762e-01,0.000000000000000000e+00,3.499123550746281036e-02,2.467682093575095104e-02,0.000000000000000000e+00
9.375169521452779708e-01,0.000000000000000000e+00,3.908910240921588397e-02,2.339394544550617294e-02,0.000000000000000000e+00
9.393923272511959244e-01,0.000000000000000000e+00,3.604102544029840621e-02,2.456664730850573880e-02,0.000000000000000000e+00
9.394116320231330475e-01,0.000000000000000000e+00,3.645612097094638043e-02,2.413224700592055821e-02,0.000000000000000000e+00
9.398744769050562109e-01,0.000000000000000000e+00,3.484708407157526694e-02,2.527843902336864360e-02,0.000000000000000000e+00
9.363421557349346225e-01,0.000000000000000000e+00,4.086267211660355586e-02,2.279517214846176615e-02,0.000000000000000000e+00
9.384496496834671131e-01,0.000000000000000000e+00,3.677933402909989297e-02,2.477101628743301129e-02,0.000000000000000000e+00
9.367056090374723532e-01,0.000000000000000000e+00,3.873404635906413374e-02,2.456034460346346801e-02,0.000000000000000000e+00
9.378673134886302831e-01,0.000000000000000000e+00,3.688375509718511830e-02,2.524893141418474776e-02,0.000000000000000000e+00
9.366922241676398642e-01,0.000000000000000000e+00,3.986610786823166497e-02,2.344166796412842924e-02,0.000000000000000000e+00
9.387531032276464904e-01,0.000000000000000000e+00,3.653584880568665899e-02,2.471104796666668060e-02,0.000000000000000000e+00
9.381504512313630917e-01,0.000000000000000000e+00,3.805702453426883930e-02,2.379252423436801697e-02,0.000000000000000000e+00
9.373660874234177598e-01,0.000000000000000000e+00,3.874337881905380587e-02,2.389053375752858699e-02,0.000000000000000000e+00
9.390901722306164157e-01,0.000000000000000000e+00,3.654988285212872057e-02,2.435994491725476316e-02,0.000000000000000000e+00
9.390499372066017925e-01,0.000000000000000000e+00,3.632437891609639063e-02,2.462568387730173017e-02,0.000000000000000000e+00
9.373911851234050241e-01,0.000000000000000000e+00,3.946852466588470637e-02,2.314029021071032158e-02,0.000000000000000000e+00
9.386887195430096975e-01,0.000000000000000000e+00,3.866205362104238596e-02,2.264922683594803102e-02,0.000000000000000000e+00
9.404532272861214626e-01,0.000000000000000000e+00,3.443378429119731132e-02,2.511298842268140652e-02,0.000000000000000000e+00
9.382922376510700602e-01,0.000000000000000000e+00,3.828809300344643285e-02,2.341966934548343759e-02,0.000000000000000000e+00
9.397469979195834933e-01,0.000000000000000000e+00,3.466944545926515381e-02,2.558355662115132517e-02,0.000000000000000000e+00
9.430663015592449794e-01,0.000000000000000000e+00,3.150450825670476906e-02,2.542919018405019951e-02,0.000000000000000000e+00
9.396706983213761744e-01,0.000000000000000000e+00,3.645759922807612075e-02,2.387170245054781939e-02,0.000000000000000000e+00
9.400902270033564267e-01,0.000000000000000000e+00,3.559214089281630827e-02,2.431763210382727192e-02,0.000000000000000000e+00
9.366091431137933965e-01,0.000000000000000000e+00,3.954420776220200773e-02,2.384664912400472070e-02,0.000000000000000000e+00
9.368149604491786686e-01,0.000000000000000000e+00,3.900145468899292311e-02,2.418358486182825215e-02,0.000000000000000000e+00
9.349637975475599827e-01,0.000000000000000000e+00,4.086849275939099385e-02,2.416770969304897140e-02,0.000000000000000000e+00
9.367735770848278909e-01,0.000000000000000000e+00,3.966809727627030463e-02,2.355832563890178019e-02,0.000000000000000000e+00
9.369072453974667258e-01,0.000000000000000000e+00,3.917864275836684812e-02,2.391411184416642258e-02,0.000000000000000000e+00
9.349492691220500085e-01,0.000000000000000000e+00,4.222646475708047298e-02,2.282426612086955325e-02,0.000000000000000000e+00
9.367968296418172081e-01,0.000000000000000000e+00,3.976335518034494754e-02,2.343981517783769869e-02,0.000000000000000000e+00
9.371189139448440342e-01,0.000000000000000000e+00,3.880462245934242910e-02,2.407646359581357490e-02,0.000000000000000000e+00
9.374815961683200527e-01,0.000000000000000000e+00,3.823511186397953593e-02,2.428329196770039403e-02,0.000000000000000000e+00
9.366591290416780291e-01,0.000000000000000000e+00,3.882109808819388108e-02,2.451977287012825288e-02,0.000000000000000000e+00
9.355802921117227777e-01,0.000000000000000000e+00,4.022458560418631229e-02,2.419512228409090998e-02,0.000000000000000000e+00
9.365004996606439702e-01,0.000000000000000000e+00,4.100399621635011926e-02,2.249550412300590704e-02,0.000000000000000000e+00
9.397350229028934576e-01,0.000000000000000000e+00,3.586410238124469047e-02,2.440087471586177906e-02,0.000000000000000000e+00
9.387487889747205827e-01,0.000000000000000000e+00,3.718305942833875777e-02,2.406815159694065953e-02,0.000000000000000000e+00
9.362140437670346538e-01,0.000000000000000000e+00,4.108983825463193018e-02,2.269611797833345074e-02,0.000000000000000000e+00
9.402982168763440729e-01,0.000000000000000000e+00,3.601730767993963078e-02,2.368447544371640040e-02,0.000000000000000000e+00
9.394069972154051040e-01,0.000000000000000000e+00,3.634883465097044769e-02,2.424416813362440665e-02,0.000000000000000000e+00
9.340926679897768592e-01,0.000000000000000000e+00,4.237212936325913948e-02,2.353520264696392153e-02,0.000000000000000000e+00
9.415176433597551853e-01,0.000000000000000000e+00,3.387314135183821379e-02,2.460921528840664951e-02,0.000000000000000000e+00
9.389500893829360040e-01,0.000000000000000000e+00,3.627541612472282712e-02,2.477449449234113421e-02,0.000000000000000000e+00
9.377275013355376165e-01,0.000000000000000000e+00,3.818495703832799903e-02,2.408754162613445382e-02,0.000000000000000000e+00
9.407737196788161782e-01,0.000000000000000000e+00,3.477714191963549722e-02,2.444913840154836621e-02,0.000000000000000000e+00
9.375974006051136511e-01,0.000000000000000000e+00,3.885439734224559877e-02,2.354820205264087155e-02,0.000000000000000000e+00
9.409195348944091597e-01,0.000000000000000000e+00,3.503060699945442780e-02,2.404985810613630148e-02,0.000000000000000000e+00
9.390022813249011557e-01,0.000000000000000000e+00,3.616044876341745901e-02,2.483726991168127771e-02,0.000000000000000000e+00
9.398614552736856975e-01,0.000000000000000000e+00,3.646681818773382655e-02,2.367172653858052797e-02,0.000000000000000000e+00
9.382211264423016006e-01,0.000000000000000000e+00,3.742384569584146503e-02,2.435502786185695170e-02,0.000000000000000000e+00
9.359552942647598739e-01,0.000000000000000000e+00,3.991355330333622858e-02,2.413115243190378997e-02,0.000000000000000000e+00
9.398538977899010272e-01,0.000000000000000000e+00,3.529455588831182516e-02,2.485154632178714768e-02,0.000000000000000000e+00
9.371146686261836445e-01,0.000000000000000000e+00,3.967095017931290130e-02,2.321438119450338830e-02,0.000000000000000000e+00
9.366294477726128109e-01,0.000000000000000000e+00,3.963572654190492678e-02,2.373482568548234556e-02,0.000000000000000000e+00
9.412170119206590968e-01,0.000000000000000000e+00,3.459373201940887932e-02,2.418925605993210715e-02,0.000000000000000000e+00
9.398397139502489006e-01,0.000000000000000000e+00,3.625933739051459548e-02,2.390094865923636167e-02,0.000000000000000000e+00
9.351871368170873167e-01,0.000000000000000000e+00,4.029290994942680282e-02,2.451995323348598460e-02,0.000000000000000000e+00
9.379472045969172722e-01,0.000000000000000000e+00,3.780411805660555125e-02,2.424867734647714185e-02,0.000000000000000000e+00
9.361997846167158244e-01,0.000000000000000000e+00,3.952427667979129672e-02,2.427593870349284422e-02,0.000000000000000000e+00
9.377751816024118003e-01,0.000000000000000000e+00,3.772726079771092367e-02,2.449755759987727946e-02,0.000000000000000000e+00
9.396186934367329879e-01,0.000000000000000000e+00,3.628243876197376205e-02,2.409886780129331246e-02,0.000000000000000000e+00
9.377407306415302957e-01,0.000000000000000000e+00,3.869649514561208231e-02,2.356277421285755264e-02,0.000000000000000000e+00
9.417088363782110116e-01,0.000000000000000000e+00,3.461362294023184738e-02,2.367754068155713751e-02,0.000000000000000000e+00
9.384020210295870301e-01,0.000000000000000000e+00,3.690253825281424732e-02,2.469544071759874337e-02,0.000000000000000000e+00
9.384536318390021004e-01,0.000000000000000000e+00,3.694835411774646805e-02,2.459801404325132057e-02,0.000000000000000000e+00
9.388998228257429135e-01,0.000000000000000000e+00,3.780336396525546538e-02,2.329681320900155173e-02,0.000000000000000000e+00
9.408063611035711871e-01,0.000000000000000000e+00,3.515989134224176832e-02,2.403374755418700298e-02,0.000000000000000000e+00
9.374840720537269689e-01,0.000000000000000000e+00,3.802333840457220587e-02,2.449258954170083907e-02,0.000000000000000000e+00
9.393274340110845388e-01,0.000000000000000000e+00,3.599695120652477570e-02,2.467561478239070974e-02,0.000000000000000000e+00
9.374318468523824555e-01,0.000000000000000000e+00,3.807341104716860380e-02,2.449474210044886788e-02,0.000000000000000000e+00
9.364407782362328403e-01,0.000000000000000000e+00,4.007844775824883493e-02,2.348077400551840457e-02,0.000000000000000000e+00
9.360990028098842286e-01,0.000000000000000000e+00,3.990538958021156574e-02,2.399560760990429933e-02,0.000000000000000000e+00
9.376976853750749186e-01,0.000000000000000000e+00,3.822635871958741244e-02,2.407595590533762736e-02,0.000000000000000000e+00
9.366275420671683616e-01,0.000000000000000000e+00,3.891838703156903778e-02,2.445407090126260757e-02,0.000000000000000000e+00
9.389737603820043077e-01,0.000000000000000000e+00,3.671929031569533958e-02,2.430694930230023476e-02,0.000000000000000000e+00
9.371683065395851608e-01,0.000000000000000000e+00,3.853347498726480969e-02,2.429821847314995661e-02,0.000000000000000000e+00
9.373969032480569119e-01,0.000000000000000000e+00,3.913958645533752861e-02,2.346351029660552479e-02,0.000000000000000000e+00
9.410449071571799218e-01,0.000000000000000000e+00,3.433557907586426428e-02,2.461951376695588334e-02,0.000000000000000000e+00
9.368466816253065987e-01,0.000000000000000000e+00,3.950667161967799657e-02,2.364664675501547755e-02,0.000000000000000000e+00
9.376818844074475967e-01,0.000000000000000000e+00,3.819494051342325197e-02,2.412317507912915826e-02,0.000000000000000000e+00
9.360739443930083947e-01,0.000000000000000000e+00,3.992018445043712949e-02,2.400587115655436130e-02,0.000000000000000000e+00
9.369511581387081067e-01,0.000000000000000000e+00,3.871083775580375086e-02,2.433800410548820140e-02,0.000000000000000000e+00
9.375928551974381797e-01,0.000000000000000000e+00,3.828106504233293877e-02,2.412607976022886416e-02,0.000000000000000000e+00
9.379589371228136407e-01,0.000000000000000000e+00,3.829901282712198929e-02,2.374205005006441854e-02,0.000000000000000000e+00
9.391386011292978120e-01,0.000000000000000000e+00,3.734534528806834203e-02,2.351605358263382864e-02,0.000000000000000000e+00
9.417775773096118686e-01,0.000000000000000000e+00,3.461781303060432885e-02,2.360460965978398995e-02,0.000000000000000000e+00
9.360378460978274751e-01,0.000000000000000000e+00,3.960009025730210769e-02,2.436206364487051787e-02,0.000000000000000000e+00
9.361442265919618366e-01,0.000000000000000000e+00,3.998991450108439760e-02,2.386585890695368944e-02,0.000000000000000000e+00
9.402881162414369332e-01,0.000000000000000000e+00,3.559923955190216760e-02,2.411264420666096517e-02,0.000000000000000000e+00
9.364362567713060415e-01,0.000000000000000000e+00,4.002260585477606519e-02,2.354113737391799743e-02,0.000000000000000000e+00
9.343426611308490726e-01,0.000000000000000000e+00,4.207928727815389569e-02,2.357805159099709072e-02,0.000000000000000000e+00
9.351423997695527124e-01,0.000000000000000000e+00,4.135813704482573655e-02,2.349946318562156147e-02,0.000000000000000000e+00
9.424979425560211510e-01,0.000000000000000000e+00,3.351318274646273437e-02,2.398887469751623258e-02,0.000000000000000000e+00
9.373784687152777462e-01,0.000000000000000000e+00,3.960855818667683576e-02,2.301297309804528277e-02,0.000000000000000000e+00
9.363510387870775942e-01,0.000000000000000000e+00,3.964030392791259572e-02,2.400865728500968174e-02,0.000000000000000000e+00
9.374779400089061632e-01,0.000000000000000000e+00,3.870308916371576619e-02,2.381897082737793533e-02,0.000000000000000000e+00
9.335083457314146127e-01,0.000000000000000000e+00,4.370368849475635836e-02,2.278796577382892832e-02,0.000000000000000000e+00
9.375054223844396795e-01,0.000000000000000000e+00,3.936672770686554940e-02,2.312784990869462196e-02,0.000000000000000000e+00
9.378958709044566966e-01,0.000000000000000000e+00,3.803981610936778973e-02,2.406431298617551368e-02,0.000000000000000000e+00
9.392719512428601147e-01,0.000000000000000000e+00,3.653544112677031830e-02,2.419260763036960513e-02,0.000000000000000000e+00
9.370082454770219949e-01,0.000000000000000000e+00,3.948246182497726353e-02,2.350929269800064100e-02,0.000000000000000000e+00
9.381835873346101584e-01,0.000000000000000000e+00,3.638998951199198806e-02,2.542642315339794373e-02,0.000000000000000000e+00
9.383428731108864884e-01,0.000000000000000000e+00,3.712048159939052017e-02,2.453664528972296713e-02,0.000000000000000000e+00
9.389943549223678243e-01,0.000000000000000000e+00,3.620401435631325632e-02,2.480163072131896448e-02,0.000000000000000000e+00
9.368136904996947623e-01,0.000000000000000000e+00,3.927754892225068795e-02,2.390876057805441796e-02,0.000000000000000000e+00
9.377351392386583662e-01,0.000000000000000000e+00,3.782555290742765225e-02,2.443930785391400934e-02,0.000000000000000000e+00
9.369518201854585282e-01,0.000000000000000000e+00,3.969904276387976882e-02,2.334913705066171685e-02,0.000000000000000000e+00
9.395628937787587898e-01,0.000000000000000000e+00,3.533912918263602820e-02,2.509797703860530346e-02,0.000000000000000000e+00
9.376534335241932805e-01,0.000000000000000000e+00,3.878279017712635973e-02,2.356377629868027998e-02,0.000000000000000000e+00
9.389308146097922192e-01,0.000000000000000000e+00,3.755054724347359901e-02,2.351863814673418526e-02,0.000000000000000000e+00
9.385412176605865131e-01,0.000000000000000000e+00,3.734259139085325391e-02,2.411619094856032666e-02,0.000000000000000000e+00
9.409043346963005261e-01,0.000000000000000000e+00,3.418052249478872873e-02,2.491514280891090477e-02,0.000000000000000000e+00
9.372457828988387529e-01,0.000000000000000000e+00,3.901916769173155441e-02,2.373504940942974123e-02,0.000000000000000000e+00
9.358712308045370465e-01,0.000000000000000000e+00,4.064925131432874095e-02,2.347951788113412930e-02,0.000000000000000000e+00
9.406187818856357463e-01,0.000000000000000000e+00,3.522527959426936112e-02,2.415593852009487522e-02,0.000000000000000000e+00
9.361310368476153387e-01,0.000000000000000000e+00,4.113457554344964601e-02,2.273438760893517138e-02,0.000000000000000000e+00
9.402651743194303524e-01,0.000000000000000000e+00,3.543255271446221072e-02,2.430227296610742646e-02,0.000000000000000000e+00
9.379542893709765794e-01,0.000000000000000000e+00,3.785071215662684507e-02,2.419499847239649920e-02,0.000000000000000000e+00
9.397354391160477327e-01,0.000000000000000000e+00,3.683654612163173026e-02,2.342801476232064459e-02,0.000000000000000000e+00
9.369547154735313743e-01,0.000000000000000000e+00,3.884114491702202188e-02,2.420413960944655524e-02,0.000000000000000000e+00
9.392569412813406293e-01,0.000000000000000000e+00,3.718753502440858005e-02,2.355552369425066919e-02,0.000000000000000000e+00
9.365189420928683450e-01,0.000000000000000000e+00,3.948493939132084740e-02,2.399611851581075900e-02,0.000000000000000000e+00
9.399778481059977153e-01,0.000000000000000000e+00,3.651419155775779968e-02,2.350796033624449194e-02,0.000000000000000000e+00
9.372669965463433783e-01,0.000000000000000000e+00,3.842905450909920445e-02,2.430394894455732355e-02,0.000000000000000000e+00
9.402340801041786378e-01,0.000000000000000000e+00,3.481742322538761147e-02,2.494849667043369523e-02,0.000000000000000000e+00
9.410564345659210295e-01,0.000000000000000000e+00,3.404116277693550879e-02,2.490240265714352419e-02,0.000000000000000000e+00
9.423680941439549485e-01,0.000000000000000000e+00,3.321639785770412467e-02,2.441550799834102739e-02,0.000000000000000000e+00
9.371892976339752934e-01,0.000000000000000000e+00,3.849228545527891288e-02,2.431841691074591166e-02,0.000000000000000000e+00
9.394519719878113850e-01,0.000000000000000000e+00,3.687278361298074875e-02,2.367524439920792173e-02,0.000000000000000000e+00
9.343971303015216057e-01,0.000000000000000000e+00,4.241646954190238933e-02,2.318640015657609174e-02,0.000000000000000000e+00
9.337727087932508052e-01,0.000000000000000000e+00,4.305995293014444614e-02,2.316733827660464110e-02,0.000000000000000000e+00
9.353919895609157376e-01,0.000000000000000000e+00,4.077950157922399094e-02,2.382850885986041375e-02,0.000000000000000000e+00
9.388316384589230346e-01,0.000000000000000000e+00,3.706252941290754527e-02,2.410583212816951038e-02,0.000000000000000000e+00
9.350035747974755340e-01,0.000000000000000000e+00,4.170700910720031435e-02,2.328941609532414470e-02,0.000000000000000000e+00
9.361346658219363848e-01,0.000000000000000000e+00,3.973732842681459987e-02,2.412800575124914373e-02,0.000000000000000000e+00
9.368291529742007739e-01,0.000000000000000000e+00,3.901723040115538665e-02,2.415361662464387757e-02,0.000000000000000000e+00
9.358857895458841947e-01,0.000000000000000000e+00,4.077709570259370475e-02,2.333711475152216303e-02,0.000000000000000000e+00
9.387865281208170876e-01,0.000000000000000000e+00,3.765670542578362923e-02,2.355676645339929362e-02,0.000000000000000000e+00
9.378310252249746348e-01,0.000000000000000000e+00,3.795344258130705500e-02,2.421553219371839344e-02,0.000000000000000000e+00
9.412695191879819623e-01,0.000000000000000000e+00,3.417462280221374160e-02,2.455585800980418856e-02,0.000000000000000000e+00
9.399325354455090320e-01,0.000000000000000000e+00,3.492276446271413287e-02,2.514470009177679002e-02,0.000000000000000000e+00
9.384090712937253054e-01,0.000000000000000000e+00,3.780364809614928517e-02,2.378728061012539211e-02,0.000000000000000000e+00
9.347282188375405365e-01,0.000000000000000000e+00,4.278453536848257632e-02,2.248724579397682818e-02,0.000000000000000000e+00
9.393927917498164915e-01,0.000000000000000000e+00,3.635299187086628303e-02,2.425421637931732613e-02,0.000000000000000000e+00
9.381350052020935859e-01,0.000000000000000000e+00,3.858744987759508277e-02,2.327754492031119254e-02,0.000000000000000000e+00
9.374711059216742637e-01,0.000000000000000000e+00,3.838211976887062615e-02,2.414677430945531833e-02,0.000000000000000000e+00
9.393508706843094469e-01,0.000000000000000000e+00,3.647600629026290231e-02,2.417312302542754671e-02,0.000000000000000000e+00
9.390069061503614201e-01,0.000000000000000000e+00,3.716116708919566664e-02,2.383192676044302780e-02,0.000000000000000000e+00
9.393762358173810556e-01,0.000000000000000000e+00,3.585775853605001340e-02,2.476600564656893794e-02,0.000000000000000000e+00
9.375526394647570871e-01,0.000000000000000000e+00,3.803142098781835817e-02,2.441593954742452693e-02,0.000000000000000000e+00
9.356470203643125760e-01,0.000000000000000000e+00,4.118327782592467318e-02,2.316970180976263977e-02,0.000000000000000000e+00
9.345793231436059223e-01,0.000000000000000000e+00,4.252734602678026610e-02,2.289333082961380814e-02,0.000000000000000000e+00
9.390070119028963713e-01,0.000000000000000000e+00,3.590900704214319145e-02,2.508398105496038172e-02,0.000000000000000000e+00
9.377480145996971439e-01,0.000000000000000000e+00,3.878875077586756842e-02,2.346323462443524951e-02,0.000000000000000000e+00
9.373798485905635580e-01,0.000000000000000000e+00,3.889747817882882597e-02,2.372267323060744254e-02,0.000000000000000000e+00
9.386741346701519273e-01,0.000000000000000000e+00,3.793429759061847650e-02,2.339156773922965171e-02,0.000000000000000000e+00
9.427792091812049469e-01,0.000000000000000000e+00,3.198840749281903900e-02,2.523238332597612515e-02,0.000000000000000000e+00
9.340034099799744416e-01,0.000000000000000000e+00,4.386415577784120307e-02,2.213243424218434494e-02,0.000000000000000000e+00
9.362291699704613501e-01,0.000000000000000000e+00,4.102235394048032308e-02,2.274847608905828517e-02,0.000000000000000000e+00
9.403805945024287238e-01,0.000000000000000000e+00,3.484623011831915890e-02,2.477317537925213461e-02,0.000000000000000000e+00
9.388756387206852461e-01,0.000000000000000000e+00,3.693817572699201190e-02,2.418618555232283571e-02,0.000000000000000000e+00
9.381713169463680169e-01,0.000000000000000000e+00,3.759166308445305998e-02,2.423701996917884682e-02,0.000000000000000000e+00
9.371139640752942368e-01,0.000000000000000000e+00,3.818937282615170181e-02,2.469666309855395037e-02,0.000000000000000000e+00
9.365730998646609740e-01,0.000000000000000000e+00,3.971147052140534817e-02,2.371542961393354257e-02,0.000000000000000000e+00
9.377338051620167647e-01,0.000000000000000000e+00,3.818925151924907474e-02,2.407694331873427851e-02,0.000000000000000000e+00
9.390802969752198859e-01,0.000000000000000000e+00,3.774350190971702268e-02,2.317620111506311226e-02,0.000000000000000000e+00
9.376957377159970131e-01,0.000000000000000000e+00,3.759981495330094042e-02,2.470444733070215754e-02,0.000000000000000000e+00
9.361548132668494615e-01,0.000000000000000000e+00,4.017071064015061144e-02,2.367447609299985073e-02,0.000000000000000000e+00
9.355884395719273883e-01,0.000000000000000000e+00,3.998484649428882265e-02,2.442671393378381683e-02,0.000000000000000000e+00
9.417169934046623059e-01,0.000000000000000000e+00,3.403765338150419040e-02,2.424535321383346556e-02,0.000000000000000000e+00
9.355089018370483789e-01,0.000000000000000000e+00,3.985935070231109295e-02,2.463174746064042756e-02,0.000000000000000000e+00
9.364635831652293740e-01,0.000000000000000000e+00,3.999478743984022366e-02,2.354162939493041964e-02,0.000000000000000000e+00
9.368615909189145219e-01,0.000000000000000000e+00,3.960329013928734487e-02,2.353511894179824079e-02,0.000000000000000000e+00
9.384092822290781566e-01,0.000000000000000000e+00,3.778687905989874807e-02,2.380383871102305718e-02,0.000000000000000000e+00
9.385079200367388852e-01,0.000000000000000000e+00,3.689263338096596123e-02,2.459944658229518133e-02,0.000000000000000000e+00
9.356823283961155369e-01,0.000000000000000000e+00,4.096850879506860887e-02,2.334916280881596876e-02,0.000000000000000000e+00
9.406141133291126000e-01,0.000000000000000000e+00,3.530657408490971150e-02,2.407931258597757751e-02,0.000000000000000000e+00
9.374698059959842844e-01,0.000000000000000000e+00,3.749635088199236577e-02,2.503384312202340187e-02,0.000000000000000000e+00
9.364936221505504310e-01,0.000000000000000000e+00,3.994637623750584704e-02,2.356000161194364215e-02,0.000000000000000000e+00
9.352079951993114149e-01,0.000000000000000000e+00,4.110771035171469079e-02,2.368429444897371741e-02,0.000000000000000000e+00
9.356852374644283321e-01,0.000000000000000000e+00,4.242291325534726376e-02,2.189184928022452209e-02,0.000000000000000000e+00
9.410459252507318295e-01,0.000000000000000000e+00,3.395112271111309227e-02,2.500295203815488393e-02,0.000000000000000000e+00
9.389034735730277248e-01,0.000000000000000000e+00,3.685486150505257880e-02,2.424166492191972416e-02,0.000000000000000000e+00
9.369763727571185363e-01,0.000000000000000000e+00,3.854795033439850638e-02,2.447567690848313077e-02,0.000000000000000000e+00
9.409559628424361000e-01,0.000000000000000000e+00,3.459030504924713589e-02,2.445373210831678842e-02,0.000000000000000000e+00
9.414154609199940626e-01,0.000000000000000000e+00,3.491892752756961538e-02,2.366561155243627340e-02,0.000000000000000000e+00
9.359350267895897302e-01,0.000000000000000000e+00,4.178929512504602622e-02,2.227567808536428870e-02,0.000000000000000000e+00
9.393998714510731762e-01,0.000000000000000000e+00,3.705254098523273060e-02,2.354758756369410011e-02,0.000000000000000000e+00
9.405637084483261523e-01,0.000000000000000000e+00,3.497872755832183433e-02,2.445756399335216255e-02,0.000000000000000000e+00
9.377417450342626637e-01,0.000000000000000000e+00,3.865297836704652962e-02,2.360527659869073730e-02,0.000000000000000000e+00
9.402676020585744032e-01,0.000000000000000000e+00,3.512937083226021218e-02,2.460302710916534644e-02,0.000000000000000000e+00
9.356659790996918469e-01,0.000000000000000000e+00,4.000308461273895805e-02,2.433093628756910487e-02,0.000000000000000000e+00
9.385036328311837650e-01,0.000000000000000000e+00,3.785745752394912428e-02,2.363890964486725990e-02,0.000000000000000000e+00
9.375245387051165391e-01,0.000000000000000000e+00,3.891375820783400663e-02,2.356170308704943692e-02,0.000000000000000000e+00
9.380678666129577126e-01,0.000000000000000000e+00,3.668180683580234830e-02,2.525032655123998077e-02,0.000000000000000000e+00
9.402340043034803641e-01,0.000000000000000000e+00,3.526890676235690941e-02,2.449708893416269878e-02,0.000000000000000000e+00
9.372668204669619696e-01,0.000000000000000000e+00,3.872154839699049056e-02,2.401163113604748087e-02,0.000000000000000000e+00
9.377236502193200263e-01,0.000000000000000000e+00,3.939691261412592987e-02,2.287943716655406121e-02,0.000000000000000000e+00
9.378948071750528026e-01,0.000000000000000000e+00,3.828718394890245208e-02,2.381800887604469327e-02,0.000000000000000000e+00
9.361742947951050553e-01,0.000000000000000000e+00,3.982145247849559755e-02,2.400425272639945470e-02,0.000000000000000000e+00
9.390988489646344695e-01,0.000000000000000000e+00,3.714627823171859355e-02,2.375487280364703413e-02,0.000000000000000000e+00
9.410827920802309343e-01,0.000000000000000000e+00,3.316585141685175764e-02,2.575135650291731498e-02,0.000000000000000000e+00
9.383243126951084090e-01,0.000000000000000000e+00,3.717703522668881072e-02,2.449865207820277682e-02,0.000000000000000000e+00
9.371447824369468771e-01,0.000000000000000000e+00,3.998946872250198209e-02,2.286574884055121715e-02,0.000000000000000000e+00
9.366638043656004831e-01,0.000000000000000000e+00,3.944198973725899365e-02,2.389420589714034288e-02,0.000000000000000000e+00
9.382710759897578967e-01,0.000000000000000000e+00,3.769383947839884119e-02,2.403508453184325169e-02,0.000000000000000000e+00
9.397913034454600245e-01,0.000000000000000000e+00,3.641208103989324041e-02,2.379661551464669692e-02,0.000000000000000000e+00
9.370782554704425449e-01,0.000000000000000000e+00,3.956307234146703294e-02,2.335867218809040829e-02,0.000000000000000000e+00
9.345559845437299007e-01,0.000000000000000000e+00,4.229269809341554970e-02,2.315131736285450451e-02,0.000000000000000000e+00
9.348677068926408706e-01,0.000000000000000000e+00,4.187062845867372401e-02,2.326166464868546432e-02,0.000000000000000000e+00
9.360358774213151101e-01,0.000000000000000000e+00,4.091659447443381920e-02,2.304752810425112972e-02,0.000000000000000000e+00
9.386067525297292491e-01,0.000000000000000000e+00,3.718842462258183795e-02,2.420482284768878459e-02,0.000000000000000000e+00
9.376896564699652714e-01,0.000000000000000000e+00,3.867072522658541317e-02,2.363961830344914541e-02,0.000000000000000000e+00
9.382457141689262148e-01,0.000000000000000000e+00,3.931300786946131248e-02,2.244127796161256641e-02,0.000000000000000000e+00
9.360839608700605163e-01,0.000000000000000000e+00,4.048756062343907003e-02,2.342847850650034772e-02,0.000000000000000000e+00
9.407639339538335088e-01,0.000000000000000000e+00,3.326272682647750389e-02,2.597333921968895606e-02,0.000000000000000000e+00
9.388278576095018257e-01,0.000000000000000000e+00,3.764766617979011659e-02,2.352447621070814093e-02,0.000000000000000000e+00
9.362394669568681049e-01,0.000000000000000000e+00,4.029020304979042538e-02,2.347032999334138295e-02,0.000000000000000000e+00
9.422310735719434671e-01,0.000000000000000000e+00,3.231729511703778507e-02,2.545163131101886231e-02,0.000000000000000000e+00
9.357441448735940304e-01,0.000000000000000000e+00,4.133020307959203721e-02,2.292565204681405039e-02,0.000000000000000000e+00
9.384707757209151957e-01,0.000000000000000000e+00,3.661424986906382933e-02,2.491497441002115537e-02,0.000000000000000000e+00
9.369981326547021094e-01,0.000000000000000000e+00,3.957878071627186911e-02,2.342308662902586186e-02,0.000000000000000000e+00
9.402174281863018290e-01,0.000000000000000000e+00,3.537447154688909412e-02,2.440810026680921910e-02,0.000000000000000000e+00
9.414239068049243819e-01,0.000000000000000000e+00,3.364609551635559803e-02,2.492999767871996453e-02,0.000000000000000000e+00
9.377019235114933959e-01,0.000000000000000000e+00,3.856957796278295825e-02,2.372849852572361806e-02,0.000000000000000000e+00
9.391041462043528965e-01,0.000000000000000000e+00,3.617545995410983289e-02,2.472039384153727759e-02,0.000000000000000000e+00
9.361643745839710595e-01,0.000000000000000000e+00,3.999781290734684414e-02,2.383781250868212409e-02,0.000000000000000000e+00
9.372952593837187152e-01,0.000000000000000000e+00,3.976056663783877898e-02,2.294417397844256828e-02,0.000000000000000000e+00
9.336690738788117061e-01,0.000000000000000000e+00,4.333103393502956563e-02,2.299989218615876990e-02,0.000000000000000000e+00
9.355950573305445994e-01,0.000000000000000000e+00,4.091312623290650763e-02,2.349181643654894153e-02,0.000000000000000000e+00
9.367193026206220852e-01,0.000000000000000000e+00,3.942843855523233548e-02,2.385225882414560364e-02,0.000000000000000000e+00
9.374960318185726615e-01,0.000000000000000000e+00,3.892270719254984496e-02,2.358126098887750738e-02,0.000000000000000000e+00
9.406490110142304850e-01,0.000000000000000000e+00,3.425169408090054934e-02,2.509929490486892401e-02,0.000000000000000000e+00
9.363112808020939148e-01,0.000000000000000000e+00,4.025756796667100817e-02,2.343115123123513596e-02,0.000000000000000000e+00
9.406851775497944157e-01,0.000000000000000000e+00,3.489604460251713447e-02,2.441877784768833534e-02,0.000000000000000000e+00
9.409694748004481246e-01,0.000000000000000000e+00,3.415108238849762917e-02,2.487944281105409702e-02,0.000000000000000000e+00
9.377188453880777042e-01,0.000000000000000000e+00,3.785124007830865250e-02,2.442991453361361559e-02,0.000000000000000000e+00
9.379774541654388731e-01,0.000000000000000000e+00,3.786565672879738803e-02,2.415688910576373541e-02,0.000000000000000000e+00
9.373366503592144294e-01,0.000000000000000000e+00,3.941446258247418427e-02,2.324888705831129262e-02,0.000000000000000000e+00
9.381088187850407101e-01,0.000000000000000000e+00,3.755021893452671622e-02,2.434096228043249391e-02,0.000000000000000000e+00
9.380263858615959238e-01,0.000000000000000000e+00,3.793958956556860163e-02,2.403402457283549884e-02,0.000000000000000000e+00
9.390269576889006542e-01,0.000000000000000000e+00,3.656790662056336183e-02,2.440513569053600826e-02,0.000000000000000000e+00
9.374490703706082062e-01,0.000000000000000000e+00,3.863391019434277845e-02,2.391701943504913330e-02,0.000000000000000000e+00
9.401996435389887719e-01,0.000000000000000000e+00,3.552562428227083041e-02,2.427473217874041161e-02,0.000000000000000000e+00
9.380544419382538246e-01,0.000000000000000000e+00,3.703232748339566754e-02,2.491323057835045582e-02,0.000000000000000000e+00
9.365826021789085409e-01,0.000000000000000000e+00,4.017797905512544843e-02,2.323941876596585104e-02,0.000000000000000000e+00
9.369732257273168941e-01,0.000000000000000000e+00,3.794647600269792503e-02,2.508029826998521561e-02,0.000000000000000000e+00
9.376161076571316588e-01,0.000000000000000000e+00,3.842675592210383073e-02,2.395713642076460065e-02,0.000000000000000000e+00
9.417663415285150164e-01,0.000000000000000000e+00,3.304413419496037702e-02,2.518952427652454418e-02,0.000000000000000000e+00
9.368405564812080089e-01,0.000000000000000000e+00,3.925425630078841627e-02,2.390518721800354018e-02,0.000000000000000000e+00
9.392921083088666689e-01,0.000000000000000000e+00,3.625165846471169184e-02,2.445623322642164615e-02,0.000000000000000000e+00
9.366219259286787668e-01,0.000000000000000000e+00,3.970554029987040379e-02,2.367253377145100979e-02,0.000000000000000000e+00
9.377144600148411557e-01,0.000000000000000000e+00,3.770225924821848235e-02,2.458328073694019886e-02,0.000000000000000000e+00
9.350320020999584036e-01,0.000000000000000000e+00,4.160940474356451813e-02,2.335859315647711293e-02,0.000000000000000000e+00
9.411370104903619138e-01,0.000000000000000000e+00,3.391116507375999123e-02,2.495182443587818516e-02,0.000000000000000000e+00
9.362442626044035210e-01,0.000000000000000000e+00,4.030627725010543783e-02,2.344946014549111404e-02,0.000000000000000000e+00
9.367794325273430811e-01,0.000000000000000000e+00,3.960739369464833654e-02,2.361317377800863787e-02,0.000000000000000000e+00
9.396168220691155648e-01,0.000000000000000000e+00,3.623709937217669402e-02,2.414607855870784178e-02,0.000000000000000000e+00
9.382912388392237180e-01,0.000000000000000000e+00,3.859166363769122449e-02,2.311709752308523796e-02,0.000000000000000000e+00
9.374970882020324803e-01,0.000000000000000000e+00,3.854074854426623592e-02,2.396216325370126993e-02,0.000000000000000000e+00
9.381682122440614391e-01,0.000000000000000000e+00,3.828531778076314090e-02,2.354646997517550674e-02,0.000000000000000000e+00
9.363417793498682862e-01,0.000000000000000000e+00,3.976927030740904506e-02,2.388895034272266529e-02,0.000000000000000000e+00
9.393460675369830204e-01,0.000000000000000000e+00,3.641418474951321066e-02,2.423974771350382099e-02,0.000000000000000000e+00
9.372735003091057226e-01,0.000000000000000000e+00,3.948012777341826374e-02,2.324637191747599280e-02,0.000000000000000000e+00
9.395321230345071717e-01,0.000000000000000000e+00,3.528396176346951935e-02,2.518391520202339223e-02,0.000000000000000000e+00
9.375275578642565666e-01,0.000000000000000000e+00,3.941446498642640212e-02,2.305797714931685088e-02,0.000000000000000000e+00
9.397365575012585071e-01,0.000000000000000000e+00,3.567367315429670338e-02,2.458976934444499080e-02,0.000000000000000000e+00
9.354683820549798412e-01,0.000000000000000000e+00,4.129379680190899127e-02,2.323782114311099406e-02,0.000000000000000000e+00
9.371840324056853744e-01,0.000000000000000000e+00,3.896115894342888630e-02,2.385480865088576707e-02,0.000000000000000000e+00
9.385323935740473855e-01,0.000000000000000000e+00,3.675638421117797400e-02,2.471122221477451905e-02,0.000000000000000000e+00
9.433504853709853144e-01,0.000000000000000000e+00,3.039864173022728891e-02,2.625087289878740363e-02,0.000000000000000000e+00
9.384613995003238118e-01,0.000000000000000000e+00,3.775643386691661385e-02,2.378216663275945289e-02,0.000000000000000000e+00
9.366747781811055606e-01,0.000000000000000000e+00,3.999469830316163682e-02,2.333052351573296559e-02,0.000000000000000000e+00
9.375423152387037939e-01,0.000000000000000000e+00,3.874789723505099592e-02,2.370978752624508523e-02,0.000000000000000000e+00
9.346182011561620095e-01,0.000000000000000000e+00,4.200618248013710671e-02,2.337561636370090457e-02,0.000000000000000000e+00
9.380215793737951557e-01,0.000000000000000000e+00,3.827717924579306097e-02,2.370124138041180759e-02,0.000000000000000000e+00
9.362813771943402363e-01,0.000000000000000000e+00,3.972005492747397032e-02,2.399856787818582804e-02,0.000000000000000000e+00
9.410929654092242691e-01,0.000000000000000000e+00,3.356686683373975855e-02,2.534016775703598623e-02,0.000000000000000000e+00
9.405821035714749812e-01,0.000000000000000000e+00,3.510841249547809462e-02,2.430948393304692770e-02,0.000000000000000000e+00
9.382362702128127507e-01,0.000000000000000000e+00,3.760011046435992460e-02,2.416361932282716854e-02,0.000000000000000000e+00
9.382226887401992066e-01,0.000000000000000000e+00,3.766195732581905514e-02,2.411535393398175908e-02,0.000000000000000000e+00
9.405718354414707161e-01,0.000000000000000000e+00,3.514668860656895710e-02,2.428147595196038927e-02,0.000000000000000000e+00
9.373167672096843761e-01,0.000000000000000000e+00,3.813930058224061781e-02,2.454393220807497833e-02,0.000000000000000000e+00
9.383035798162970842e-01,0.000000000000000000e+00,3.805433716514018683e-02,2.364208301856263877e-02,0.000000000000000000e+00
9.422066812358836918e-01,0.000000000000000000e+00,3.177517926130057901e-02,2.601813950281574306e-02,0.000000000000000000e+00
9.354788663951555394e-01,0.000000000000000000e+00,4.208036203288439275e-02,2.244077157195995334e-02,0.000000000000000000e+00
9.394324155026665402e-01,0.000000000000000000e+00,3.578017619993385107e-02,2.478740829739968857e-02,0.000000000000000000e+00
9.378324741930678110e-01,0.000000000000000000e+00,3.757310336546824253e-02,2.459442244146394646e-02,0.000000000000000000e+00
9.351889125531066549e-01,0.000000000000000000e+00,4.046978921310032118e-02,2.434129823379310373e-02,0.000000000000000000e+00
9.361879803264733235e-01,0.000000000000000000e+00,4.004473279646830752e-02,2.376728687705825793e-02,0.000000000000000000e+00
9.376465593151595002e-01,0.000000000000000000e+00,3.777523598652405418e-02,2.457820469831639015e-02,0.000000000000000000e+00
9.369984825900893322e-01,0.000000000000000000e+00,3.869281785912848104e-02,2.430869955078216599e-02,0.000000000000000000e+00
9.423937266780484379e-01,0.000000000000000000e+00,3.255446455692399821e-02,2.505180876502761944e-02,0.000000000000000000e+00
9.368993087398771458e-01,0.000000000000000000e+00,3.973625201539351948e-02,2.336443924472926190e-02,0.000000000000000000e+00
9.380106506189767046e-01,0.000000000000000000e+00,3.797246309460638319e-02,2.401688628641687404e-02,0.000000000000000000e+00
9.380266463238103869e-01,0.000000000000000000e+00,3.776187515331635297e-02,2.421147852287324279e-02,0.000000000000000000e+00
9.364183937076334674e-01,0.000000000000000000e+00,4.051036424592372592e-02,2.307124204644286913e-02,0.000000000000000000e+00
9.378474911494593114e-01,0.000000000000000000e+00,3.779657168626718300e-02,2.435593716427342584e-02,0.000000000000000000e+00
9.372389565100261999e-01,0.000000000000000000e+00,3.868240007867954078e-02,2.407864341129412056e-02,0.000000000000000000e+00
9.373482814055232870e-01,0.000000000000000000e+00,3.880768689100547175e-02,2.384403170347111980e-02,0.000000000000000000e+00
9.378756681980926491e-01,0.000000000000000000e+00,3.763397019406355265e-02,2.449036160784374624e-02,0.000000000000000000e+00
