# DNRN, Denitrification, Anammox, Nitrite Oxidation, CaCO3 Dissolution 
9.545474984857568179e-01,0.000000000000000000e+00,1.633523298930063955e-02,2.911726852494254600e-02,0.000000000000000000e+00
9.528254887169901322e-01,0.000000000000000000e+00,2.008073945076312844e-02,2.709377183224672900e-02,0.000000000000000000e+00
9.224247851396174536e-01,3.934014555783263423e-02,1.025790032185238884e-02,2.797716898069764480e-02,0.000000000000000000e+00
9.551539096653876015e-01,0.000000000000000000e+00,1.683434470490985380e-02,2.801174562970271120e-02,0.000000000000000000e+00
9.591307077722777130e-01,0.000000000000000000e+00,1.100726512663523053e-02,2.986202710108691594e-02,0.000000000000000000e+00
9.535423802815969907e-01,0.000000000000000000e+00,1.840393312063943673e-02,2.805368659776370788e-02,0.000000000000000000e+00
9.475924070489443185e-01,1.257772947341121578e-02,1.192791830876624437e-02,2.790194516887814155e-02,0.000000000000000000e+00
9.606298182202924751e-01,0.000000000000000000e+00,9.935548531437051259e-03,2.943463324827041983e-02,0.000000000000000000e+00
9.544390210279449782e-01,0.000000000000000000e+00,1.803514365690152971e-02,2.752583531515340534e-02,0.000000000000000000e+00
9.587731811654873759e-01,0.000000000000000000e+00,1.326341468562775884e-02,2.796340414888484963e-02,0.000000000000000000e+00
9.575857640827912798e-01,0.000000000000000000e+00,1.311470521202938444e-02,2.929953070517928720e-02,0.000000000000000000e+00
9.580702890377900127e-01,0.000000000000000000e+00,1.327144970452351184e-02,2.865826125768650146e-02,0.000000000000000000e+00
9.561961585348993653e-01,0.000000000000000000e+00,1.467489188320958947e-02,2.912894958189108513e-02,0.000000000000000000e+00
9.582066667184603315e-01,0.000000000000000000e+00,1.338580109916577207e-02,2.840753218237387565e-02,0.000000000000000000e+00
9.583545242208665327e-01,0.000000000000000000e+00,1.401345392494557709e-02,2.763202185418799431e-02,0.000000000000000000e+00
9.592680552334200694e-01,0.000000000000000000e+00,1.105621847761115682e-02,2.967572628896872691e-02,0.000000000000000000e+00
9.105600182529848263e-01,5.548646811754849584e-02,6.275940493074565370e-03,2.767757313639220701e-02,0.000000000000000000e+00
9.573059033853806854e-01,0.000000000000000000e+00,1.337691031299086120e-02,2.931718630162845687e-02,0.000000000000000000e+00
9.569849966414779585e-01,0.000000000000000000e+00,1.418720160890383705e-02,2.882780174961809341e-02,0.000000000000000000e+00
9.613683867981360764e-01,0.000000000000000000e+00,9.488565026252337997e-03,2.914304817561149535e-02,0.000000000000000000e+00
9.544377442501544850e-01,0.000000000000000000e+00,1.664200780705372626e-02,2.892024794279171931e-02,0.000000000000000000e+00
9.570253857071969739e-01,0.000000000000000000e+00,1.362790498501006108e-02,2.934670930779298761e-02,0.000000000000000000e+00
9.000185581748086916e-01,0.000000000000000000e+00,1.642685590655222974e-02,2.477181378143538878e-02,5.878277213720371763e-02
8.452848739693809010e-01,1.286561715469296541e-01,3.498251108849078695e-04,2.570912937280478427e-02,0.000000000000000000e+00
9.499793030468117738e-01,0.000000000000000000e+00,2.240967750842391693e-02,2.761101944476421557e-02,0.000000000000000000e+00
8.373567802221044687e-01,1.351415848033294120e-01,3.661799453768058155e-03,2.383983552079801949e-02,0.000000000000000000e+00
9.575684372164137148e-01,0.000000000000000000e+00,1.488648466380161281e-02,2.754507811978476953e-02,0.000000000000000000e+00
9.271624090513335137e-01,3.410737460544449595e-02,1.138707699282208094e-02,2.734313935040007595e-02,0.000000000000000000e+00
9.475358867029081145e-01,1.237277083116886112e-02,1.194589669192316732e-02,2.814544577400006353e-02,0.000000000000000000e+00
9.573492215138816874e-01,0.000000000000000000e+00,1.228420121382698543e-02,3.036657727229132367e-02,0.000000000000000000e+00
9.354074211665688310e-01,2.343758002688835218e-02,1.173914591788463406e-02,2.941585288865829206e-02,0.000000000000000000e+00
9.583920587695717863e-01,0.000000000000000000e+00,1.177226182148015561e-02,2.983567940894799389e-02,0.000000000000000000e+00
9.386895994093682472e-01,1.564133919355833319e-02,1.860256387816980675e-02,2.706649751890357128e-02,0.000000000000000000e+00
9.029443037892644908e-01,0.000000000000000000e+00,1.478084094424108458e-02,2.815877776103099459e-02,5.411607750546321149e-02
9.621724521810932629e-01,0.000000000000000000e+00,7.614076819919235808e-03,3.021347099898745447e-02,0.000000000000000000e+00
9.402548950064255617e-01,1.813790684899056066e-02,1.430015328015940210e-02,2.730704486442448939e-02,0.000000000000000000e+00
9.598648982953851272e-01,0.000000000000000000e+00,1.029793895533700869e-02,2.983716274927791789e-02,0.000000000000000000e+00
9.579625035576521119e-01,0.000000000000000000e+00,1.232039917335804938e-02,2.971709726898977624e-02,0.000000000000000000e+00
9.528780864206938261e-01,0.000000000000000000e+00,1.631466158023641561e-02,3.080725199906977560e-02,0.000000000000000000e+00
9.509442262039805582e-01,0.000000000000000000e+00,2.109605765601385574e-02,2.795971614000556174e-02,0.000000000000000000e+00
9.597609843559005149e-01,0.000000000000000000e+00,1.200202659149593627e-02,2.823698905260360603e-02,0.000000000000000000e+00
9.538294859855716012e-01,0.000000000000000000e+00,1.730965019018631396e-02,2.886086382424211602e-02,0.000000000000000000e+00
9.513438506798935768e-01,6.008361973700933507e-03,1.476039196607112705e-02,2.788739538033432885e-02,0.000000000000000000e+00
9.536533576634332876e-01,0.000000000000000000e+00,1.806582959245754336e-02,2.828081274410909271e-02,0.000000000000000000e+00
9.587156871526248958e-01,0.000000000000000000e+00,1.366641305115068490e-02,2.761789979622438287e-02,0.000000000000000000e+00
9.341602376328982382e-01,0.000000000000000000e+00,1.698889429697450840e-02,2.816252372871076368e-02,2.068834434141643419e-02
9.474953461206412353e-01,8.723440741811302329e-03,1.568246109008357425e-02,2.809875204746367650e-02,0.000000000000000000e+00
9.571722646755109754e-01,0.000000000000000000e+00,1.409605570494105661e-02,2.873167961954804783e-02,0.000000000000000000e+00
9.211352254245207538e-01,3.478805491562301372e-02,1.604889086944960228e-02,2.802782879040649142e-02,0.000000000000000000e+00
9.086424288206298439e-01,5.203720224558119195e-02,1.209185214652471960e-02,2.722851678726436950e-02,0.000000000000000000e+00
9.566190593978486367e-01,0.000000000000000000e+00,1.508656286526718904e-02,2.829437773688429220e-02,0.000000000000000000e+00
9.557794320393873111e-01,3.162000019387547871e-03,1.039443880755481532e-02,3.066412913367043760e-02,0.000000000000000000e+00
9.557881905433359693e-01,0.000000000000000000e+00,1.447732274252747260e-02,2.973448671413646271e-02,0.000000000000000000e+00
9.531944528672458006e-01,0.000000000000000000e+00,1.782248563511959830e-02,2.898306149763476419e-02,0.000000000000000000e+00
9.606687665122682906e-01,0.000000000000000000e+00,8.341162613088438579e-03,3.099007087464330373e-02,0.000000000000000000e+00
9.560823819425099401e-01,0.000000000000000000e+00,1.594092739576471324e-02,2.797669066172548541e-02,0.000000000000000000e+00
9.578732795530215949e-01,0.000000000000000000e+00,1.062401073792454062e-02,3.150270970905385409e-02,0.000000000000000000e+00
9.350408266970955395e-01,2.287499745126720871e-02,1.347753762074485086e-02,2.860663823089214935e-02,0.000000000000000000e+00
9.544575480931194456e-01,0.000000000000000000e+00,1.621931307642512574e-02,2.932313883045553973e-02,0.000000000000000000e+00
9.595708471205559587e-01,0.000000000000000000e+00,1.091691706816416002e-02,2.951223581127969744e-02,0.000000000000000000e+00
9.504666136139285904e-01,0.000000000000000000e+00,2.091513905265646872e-02,2.861824733341496521e-02,0.000000000000000000e+00
8.614403045980003615e-01,1.022236071797538864e-01,1.079188835299396167e-02,2.554419986925155275e-02,0.000000000000000000e+00
9.568088294342425026e-01,0.000000000000000000e+00,1.192628798399897154e-02,3.126488258175846857e-02,0.000000000000000000e+00
9.571606040440348018e-01,0.000000000000000000e+00,1.380189381660888726e-02,2.903750213935636995e-02,0.000000000000000000e+00
9.539313249613625700e-01,0.000000000000000000e+00,1.791152147118551391e-02,2.815715356745196116e-02,0.000000000000000000e+00
9.568240731941104471e-01,0.000000000000000000e+00,1.570305645040318693e-02,2.747287035548630699e-02,0.000000000000000000e+00
7.646843731486152596e-01,2.096000520132405287e-01,3.932846773526387299e-03,2.178272806461768393e-02,0.000000000000000000e+00
9.575891853801792308e-01,0.000000000000000000e+00,1.136994048582967015e-02,3.104087413399096024e-02,0.000000000000000000e+00
9.645026053299275981e-01,0.000000000000000000e+00,5.153128680004962804e-03,3.034426599006728731e-02,0.000000000000000000e+00
9.147994415594792317e-01,4.755785127687191943e-02,1.000751662491417351e-02,2.763519053873466497e-02,0.000000000000000000e+00
9.554618707795230481e-01,0.000000000000000000e+00,1.310552713033618331e-02,3.143260209014087786e-02,0.000000000000000000e+00
9.585196224631373774e-01,0.000000000000000000e+00,1.316513823387533387e-02,2.831523930298728009e-02,0.000000000000000000e+00
9.548892361875164214e-01,0.000000000000000000e+00,1.715921009326467836e-02,2.795155371921885512e-02,0.000000000000000000e+00
9.586114850738416404e-01,0.000000000000000000e+00,1.175816106903515568e-02,2.963035385712319697e-02,0.000000000000000000e+00
9.603398477757040252e-01,0.000000000000000000e+00,1.087671763975374926e-02,2.878343458454221682e-02,0.000000000000000000e+00
9.213908694466730331e-01,4.258431122533308522e-02,8.338139975783667029e-03,2.768667935221011400e-02,0.000000000000000000e+00
9.317903401836009625e-01,0.000000000000000000e+00,1.328651940685894074e-02,2.851162056780658094e-02,2.641151984173344472e-02
9.396055656895189179e-01,2.222920918774984669e-02,8.693525084417156115e-03,2.947170003831416779e-02,0.000000000000000000e+00
9.559079227085401920e-01,0.000000000000000000e+00,1.515243531260852643e-02,2.893964197885131456e-02,0.000000000000000000e+00
9.563950608905866790e-01,0.000000000000000000e+00,1.541309344018353990e-02,2.819184566922971688e-02,0.000000000000000000e+00
9.538458596927019695e-01,0.000000000000000000e+00,1.777938856696446857e-02,2.837475174033365216e-02,0.000000000000000000e+00
9.579199242775525702e-01,0.000000000000000000e+00,1.234167758721492134e-02,2.973839813523248415e-02,0.000000000000000000e+00
9.245065807125865120e-01,3.658204613221262280e-02,1.050350358165596382e-02,2.840786957354494643e-02,0.000000000000000000e+00
9.541102985630024458e-01,0.000000000000000000e+00,1.540396442218784287e-02,3.048573701480984666e-02,0.000000000000000000e+00
8.770260963484469707e-01,8.148655747041398667e-02,1.473274749667358163e-02,2.675459868446555117e-02,0.000000000000000000e+00
9.622442027210013071e-01,0.000000000000000000e+00,8.287794883466228363e-03,2.946800239553256512e-02,0.000000000000000000e+00
9.494053260673420702e-01,0.000000000000000000e+00,2.381674668048862006e-02,2.677792725216945544e-02,0.000000000000000000e+00
8.861239950875922089e-01,7.291827394839235643e-02,1.370818738483711892e-02,2.724954357917834524e-02,0.000000000000000000e+00
9.520384693401876541e-01,3.702923723716554025e-03,1.628957541487660587e-02,2.796903152121925015e-02,0.000000000000000000e+00
9.543182445504404532e-01,4.969052675320628255e-03,1.260042258941918188e-02,2.811228018481982255e-02,0.000000000000000000e+00
9.421708317941905886e-01,1.412479495200607421e-02,1.461372226357542277e-02,2.909065099022804454e-02,0.000000000000000000e+00
9.576031801565951795e-01,0.000000000000000000e+00,1.283365766367513747e-02,2.956316217972964483e-02,0.000000000000000000e+00
9.555917331905402490e-01,0.000000000000000000e+00,1.571143246108495234e-02,2.869683434837484032e-02,0.000000000000000000e+00
9.482957231240096707e-01,0.000000000000000000e+00,2.378329579123444892e-02,2.792098108475571383e-02,0.000000000000000000e+00
9.509167903121898968e-01,0.000000000000000000e+00,2.189474586272461762e-02,2.718846382508538148e-02,0.000000000000000000e+00
9.556198356281718764e-01,0.000000000000000000e+00,1.537464897806433903e-02,2.900551539376393720e-02,0.000000000000000000e+00
9.581193295746407435e-01,0.000000000000000000e+00,1.448052983882847262e-02,2.740014058653067117e-02,0.000000000000000000e+00
9.590013457900424809e-01,0.000000000000000000e+00,1.056941740952447271e-02,3.042923680043323198e-02,0.000000000000000000e+00
9.553781953755082768e-01,0.000000000000000000e+00,1.680034637610486672e-02,2.782145824838688081e-02,0.000000000000000000e+00
9.107392292428422298e-01,4.633994640288070788e-02,1.558248032429648822e-02,2.733834402998071636e-02,0.000000000000000000e+00
9.654194309324900525e-01,0.000000000000000000e+00,3.871956527757744373e-03,3.070861253975237792e-02,0.000000000000000000e+00
9.540120974552052102e-01,0.000000000000000000e+00,1.709766470208535366e-02,2.889023784270947082e-02,0.000000000000000000e+00
7.930987872865006283e-01,1.690293329584503790e-01,0.000000000000000000e+00,2.506796323291706277e-02,1.280391652213172700e-02
9.241400628539336859e-01,0.000000000000000000e+00,1.579353884712788453e-02,2.632189645148127685e-02,3.374450184745704517e-02
9.583969039558063452e-01,0.000000000000000000e+00,1.377641838117222434e-02,2.782667766302155191e-02,0.000000000000000000e+00
9.571712432905381540e-01,0.000000000000000000e+00,1.463795657243111004e-02,2.819080013703076024e-02,0.000000000000000000e+00
9.536288977748870188e-01,0.000000000000000000e+00,1.829900728808649124e-02,2.807209493702642056e-02,0.000000000000000000e+00
8.656918127688019160e-01,1.021164681575269795e-01,6.760110473904770191e-03,2.543160859976620683e-02,0.000000000000000000e+00
9.550801243268397522e-01,0.000000000000000000e+00,1.632561164000811624e-02,2.859426403315227030e-02,0.000000000000000000e+00
9.613455370652698173e-01,0.000000000000000000e+00,8.569998314306588247e-03,3.008446462042355801e-02,0.000000000000000000e+00
9.123954748016142036e-01,0.000000000000000000e+00,2.306416157596595171e-02,2.591739317534737588e-02,3.862297044707253824e-02
9.578713646620719002e-01,0.000000000000000000e+00,1.244516855397083920e-02,2.968346678395719987e-02,0.000000000000000000e+00
9.538945805003017364e-01,0.000000000000000000e+00,1.651648737913869250e-02,2.958893212055972027e-02,0.000000000000000000e+00
9.579338287732169777e-01,0.000000000000000000e+00,1.307666136698252754e-02,2.898950985980055725e-02,0.000000000000000000e+00
9.578571879336479356e-01,0.000000000000000000e+00,1.541354138414170738e-02,2.672927068221027380e-02,0.000000000000000000e+00
9.542373532269469161e-01,0.000000000000000000e+00,1.642326741065194481e-02,2.933937936240105931e-02,0.000000000000000000e+00
9.590246325861618848e-01,0.000000000000000000e+00,1.122693216569399174e-02,2.974843524814406101e-02,0.000000000000000000e+00
9.622408908586909115e-01,0.000000000000000000e+00,7.606303392758580889e-03,3.015280574855043125e-02,0.000000000000000000e+00
9.548961767342730722e-01,0.000000000000000000e+00,1.612465315538566882e-02,2.897917011034126245e-02,0.000000000000000000e+00
9.486614966696026441e-01,1.214907975717361387e-02,1.221706694506057185e-02,2.697235662816327775e-02,0.000000000000000000e+00
8.908895100534203193e-01,6.571162800877970722e-02,1.810214049551738327e-02,2.529672144228244796e-02,0.000000000000000000e+00
9.585110507328775675e-01,0.000000000000000000e+00,1.345629201223192892e-02,2.803265725489035784e-02,0.000000000000000000e+00
9.539393936647028172e-01,0.000000000000000000e+00,1.796474312163060666e-02,2.809586321366653108e-02,0.000000000000000000e+00
9.585029316152596790e-01,0.000000000000000000e+00,1.157170054643315467e-02,2.992536783830717501e-02,0.000000000000000000e+00
9.622791571564660584e-01,0.000000000000000000e+00,1.003526545379819154e-02,2.768557738973567023e-02,0.000000000000000000e+00
9.558730137035187369e-01,0.000000000000000000e+00,1.360843753116708181e-02,3.051854876531404775e-02,0.000000000000000000e+00
8.993011060822867497e-01,6.521624469462296292e-02,8.285376099095652369e-03,2.719727312399448926e-02,0.000000000000000000e+00
9.606860456061201425e-01,0.000000000000000000e+00,8.372744031988239855e-03,3.094121036189170088e-02,0.000000000000000000e+00
9.588894432549517344e-01,0.000000000000000000e+00,1.126381972415101129e-02,2.984673702089717801e-02,0.000000000000000000e+00
9.473525115749527048e-01,8.967070477931248992e-03,1.488253373598558311e-02,2.879788421113044575e-02,0.000000000000000000e+00
9.578862521912800965e-01,0.000000000000000000e+00,1.228072292759447778e-02,2.983302488112554371e-02,0.000000000000000000e+00
9.602656681182308862e-01,0.000000000000000000e+00,9.852011574564382979e-03,2.988232030720479673e-02,0.000000000000000000e+00
9.573527588093746488e-01,0.000000000000000000e+00,1.467981316300269456e-02,2.796742802762268443e-02,0.000000000000000000e+00
9.578761211080603077e-01,0.000000000000000000e+00,1.124546069078859178e-02,3.087841820115121497e-02,0.000000000000000000e+00
9.189090239179528163e-01,4.192841165848674306e-02,9.860494125798842727e-03,2.930207029776166205e-02,0.000000000000000000e+00
9.503548032640861676e-01,0.000000000000000000e+00,1.998820946129548082e-02,2.965698727461829956e-02,0.000000000000000000e+00
9.568378769798225880e-01,0.000000000000000000e+00,1.454068251896747759e-02,2.862144050120978001e-02,0.000000000000000000e+00
9.414764831895470198e-01,2.255422301891574569e-02,6.822992930141385734e-03,2.914630086139590598e-02,0.000000000000000000e+00
9.369556918802750545e-01,2.457340076821735650e-02,8.895985124624869803e-03,2.957492222688272443e-02,0.000000000000000000e+00
9.563772013169898889e-01,0.000000000000000000e+00,1.429707202550012900e-02,2.932572665750989363e-02,0.000000000000000000e+00
9.280332416940884066e-01,0.000000000000000000e+00,1.325789169740618050e-02,2.746242698549242536e-02,3.124643962301318356e-02
9.526913827598929574e-01,0.000000000000000000e+00,1.915852355899847273e-02,2.815009368110856641e-02,0.000000000000000000e+00
7.873989273146446699e-01,1.503478064299230976e-01,3.544474222074350377e-03,2.350275663361050746e-02,3.520603539974745400e-02
9.556806092160330390e-01,0.000000000000000000e+00,1.608272959337939470e-02,2.823666119058743790e-02,0.000000000000000000e+00
9.558924616240942473e-01,0.000000000000000000e+00,1.500838052935827074e-02,2.909915784654752008e-02,0.000000000000000000e+00
9.482173046808300976e-01,0.000000000000000000e+00,2.395643509991269779e-02,2.782626021925724974e-02,0.000000000000000000e+00
9.570496945507219744e-01,0.000000000000000000e+00,1.408566580738260243e-02,2.886463964189548217e-02,0.000000000000000000e+00
9.387053580077970860e-01,1.597695757817883463e-02,1.746166916313853304e-02,2.785601525088539018e-02,0.000000000000000000e+00
9.229491356691689186e-01,4.371962755840228670e-02,6.216939005037275603e-03,2.711429776739168393e-02,0.000000000000000000e+00
9.303265892488065125e-01,2.937836626939421131e-02,1.246159882990974938e-02,2.783344565188958925e-02,0.000000000000000000e+00
9.556975711177723154e-01,0.000000000000000000e+00,1.455091194646064741e-02,2.975151693576709791e-02,0.000000000000000000e+00
9.570139355739002429e-01,0.000000000000000000e+00,1.290190213663443795e-02,3.008416228946518556e-02,0.000000000000000000e+00
9.594098450351971064e-01,0.000000000000000000e+00,1.251754141379197993e-02,2.807261355101086167e-02,0.000000000000000000e+00
9.529677421453403019e-01,0.000000000000000000e+00,1.936356372930839870e-02,2.766869412535131675e-02,0.000000000000000000e+00
9.500699146448805532e-01,0.000000000000000000e+00,2.084479211112449937e-02,2.908529324399497518e-02,0.000000000000000000e+00
9.577042943648728102e-01,0.000000000000000000e+00,1.191768053732893996e-02,3.037802509779815793e-02,0.000000000000000000e+00
9.563533355972351213e-01,0.000000000000000000e+00,1.322205978453734783e-02,3.042460461822736259e-02,0.000000000000000000e+00
9.536072004839677430e-01,0.000000000000000000e+00,1.704832307091559696e-02,2.934447644511650050e-02,0.000000000000000000e+00
9.564943698734292843e-01,0.000000000000000000e+00,1.361813656353442516e-02,2.988749356303632351e-02,0.000000000000000000e+00
9.565041397038187565e-01,0.000000000000000000e+00,1.164023537655974223e-02,3.185562491962157933e-02,0.000000000000000000e+00
9.535693451673326049e-01,0.000000000000000000e+00,1.663299898707015084e-02,2.979765584559724081e-02,0.000000000000000000e+00
9.399574167989069862e-01,2.025670468654554301e-02,1.019028038964934872e-02,2.959559812489823485e-02,0.000000000000000000e+00
9.554865000646046713e-01,0.000000000000000000e+00,1.640506797826054089e-02,2.810843195713473575e-02,0.000000000000000000e+00
9.591416643279985221e-01,0.000000000000000000e+00,1.077265568916610690e-02,3.008567998283531372e-02,0.000000000000000000e+00
9.589368162536942020e-01,0.000000000000000000e+00,1.244126003011719432e-02,2.862192371618856035e-02,0.000000000000000000e+00
9.512455452567645242e-01,0.000000000000000000e+00,1.489143256551151047e-02,3.023608732953542155e-02,3.626934848188514277e-03
9.549640884530314899e-01,0.000000000000000000e+00,1.655686996179295614e-02,2.847904158517551576e-02,0.000000000000000000e+00
9.577880565606853303e-01,0.000000000000000000e+00,1.393780498626183070e-02,2.827413845305291190e-02,0.000000000000000000e+00
9.158620998871364050e-01,3.850294736840917387e-02,1.990916251582198343e-02,2.572579022863235448e-02,0.000000000000000000e+00
9.558948907974720299e-01,0.000000000000000000e+00,1.497231459594389365e-02,2.913279460658419612e-02,0.000000000000000000e+00
9.553537729376618826e-01,0.000000000000000000e+00,1.502966753882969964e-02,2.961655952350821658e-02,0.000000000000000000e+00
9.547178577623222084e-01,0.000000000000000000e+00,1.556682398414263417e-02,2.971531825353503423e-02,0.000000000000000000e+00
9.157555004701655177e-01,5.194352536221267386e-02,3.020666300974075499e-03,2.928030786664770693e-02,0.000000000000000000e+00
9.512784436774704977e-01,2.494098206951165988e-03,1.752229444609161926e-02,2.870516366948686060e-02,0.000000000000000000e+00
9.572332918284088832e-01,0.000000000000000000e+00,1.375898320615475366e-02,2.900772496543636142e-02,0.000000000000000000e+00
9.525243386806112600e-01,0.000000000000000000e+00,1.868451001206353559e-02,2.879115130732518360e-02,0.000000000000000000e+00
9.542113340145078615e-01,0.000000000000000000e+00,1.611734247849306439e-02,2.967132350699915391e-02,0.000000000000000000e+00
9.543110166252175564e-01,0.000000000000000000e+00,1.612559226051369157e-02,2.956339111426860983e-02,0.000000000000000000e+00
9.090898119952660617e-01,5.553249092521198027e-02,7.884451223742601489e-03,2.749324585577938435e-02,0.000000000000000000e+00
9.611161539503698670e-01,0.000000000000000000e+00,9.287653499506044047e-03,2.959619255012413061e-02,0.000000000000000000e+00
9.401358482458909149e-01,0.000000000000000000e+00,1.757727701343245533e-02,2.753658002008761707e-02,1.475029472058897624e-02
9.547170835227432040e-01,0.000000000000000000e+00,1.735145510864698551e-02,2.793146136860985909e-02,0.000000000000000000e+00
9.466678712191358702e-01,7.844684319989718088e-03,1.797673219974665892e-02,2.751071226112775450e-02,0.000000000000000000e+00
9.552260556719350815e-01,0.000000000000000000e+00,1.714619882262348113e-02,2.762774550544137495e-02,0.000000000000000000e+00
9.550616856741924732e-01,0.000000000000000000e+00,1.519137266346834436e-02,2.974694166233918941e-02,0.000000000000000000e+00
9.552214869510121664e-01,0.000000000000000000e+00,1.599929169799534090e-02,2.877922135099256207e-02,0.000000000000000000e+00
9.597661324644444214e-01,0.000000000000000000e+00,1.115950779840607469e-02,2.907435973714957503e-02,0.000000000000000000e+00
9.596995410034652174e-01,0.000000000000000000e+00,1.049883777208550535e-02,2.980162122444931713e-02,0.000000000000000000e+00
9.597304952824063928e-01,0.000000000000000000e+00,1.034981586535745415e-02,2.991968885223602118e-02,0.000000000000000000e+00
9.500430848295511321e-01,0.000000000000000000e+00,2.151426670565574975e-02,2.844264846479307302e-02,0.000000000000000000e+00
9.595285105367841183e-01,0.000000000000000000e+00,1.013400986503782374e-02,3.033747959817790010e-02,0.000000000000000000e+00
9.267485194759595979e-01,3.727068794323061540e-02,5.717953118082752355e-03,3.026283946272716532e-02,0.000000000000000000e+00
9.557025183199648888e-01,0.000000000000000000e+00,1.390458015602039250e-02,3.039290152401473086e-02,0.000000000000000000e+00
9.592166160013338994e-01,0.000000000000000000e+00,1.098230844719638374e-02,2.980107555146971690e-02,0.000000000000000000e+00
9.592351403294034906e-01,0.000000000000000000e+00,1.188911906925034859e-02,2.887574060134618856e-02,0.000000000000000000e+00
9.259155204893648738e-01,3.648032905170468104e-02,8.805203840938299192e-03,2.879894661799202102e-02,0.000000000000000000e+00
9.433773601537119857e-01,1.894288818010871414e-02,8.952234985183689722e-03,2.872751668099569194e-02,0.000000000000000000e+00
8.548901215256490271e-01,1.179861351589245461e-01,0.000000000000000000e+00,2.712374331542634701e-02,0.000000000000000000e+00
9.582367778202455222e-01,0.000000000000000000e+00,1.200786230291838071e-02,2.975535987683614741e-02,0.000000000000000000e+00
9.577826000870410805e-01,0.000000000000000000e+00,1.226412089788225107e-02,2.995327901507684534e-02,0.000000000000000000e+00
9.400145923089596733e-01,1.562653782837536073e-02,1.554742208597313657e-02,2.881144777669164894e-02,0.000000000000000000e+00
9.487239614548251820e-01,0.000000000000000000e+00,2.246833626173514592e-02,2.880770228343954714e-02,0.000000000000000000e+00
9.561868638191478587e-01,0.000000000000000000e+00,1.423589199468319570e-02,2.957724418616886411e-02,0.000000000000000000e+00
9.524991879448559962e-01,0.000000000000000000e+00,1.766080883542768543e-02,2.984000321971624209e-02,0.000000000000000000e+00
9.157734967031501139e-01,4.771721202674822360e-02,8.070087949087718232e-03,2.843920332101389919e-02,0.000000000000000000e+00
9.368143785808064061e-01,2.376637264029555011e-02,9.428514926608665483e-03,2.999073385228953961e-02,0.000000000000000000e+00
9.543824380545768982e-01,0.000000000000000000e+00,1.557132450807322335e-02,3.004623743734972929e-02,0.000000000000000000e+00
9.540162635706472827e-01,0.000000000000000000e+00,1.747831872076814619e-02,2.850541770858456073e-02,0.000000000000000000e+00
9.543010678624347376e-01,0.000000000000000000e+00,1.766206067568537597e-02,2.803687146187981358e-02,0.000000000000000000e+00
9.559538026765822538e-01,0.000000000000000000e+00,1.462605760522351153e-02,2.942013971819426241e-02,0.000000000000000000e+00
8.567383820588188037e-01,0.000000000000000000e+00,2.158533999266546571e-02,2.434159830939727764e-02,9.733467963911854315e-02
8.437946751916772792e-01,1.217778357115995580e-01,9.470805461742349760e-03,2.495668363498071418e-02,0.000000000000000000e+00
9.411531282680214439e-01,1.639305628905738874e-02,1.416218870534277120e-02,2.829162673757839100e-02,0.000000000000000000e+00
9.533486606068244384e-01,0.000000000000000000e+00,1.707495399202584377e-02,2.957638540114987391e-02,0.000000000000000000e+00
9.513024907527619645e-01,0.000000000000000000e+00,1.971721084518079578e-02,2.898029840205716343e-02,0.000000000000000000e+00
8.284862922523417161e-01,1.397264657788923892e-01,7.399191460225824739e-03,2.438805050854006909e-02,0.000000000000000000e+00
9.443730818232618507e-01,1.149254550154299101e-02,1.595501811275805426e-02,2.817935456243696873e-02,0.000000000000000000e+00
9.450513885205663600e-01,9.992379291685955789e-03,1.396477431858086753e-02,3.099145786916675596e-02,0.000000000000000000e+00
9.118862055096444985e-01,0.000000000000000000e+00,1.758255375576950330e-02,2.730390289369826612e-02,4.322733784088786391e-02
9.581794870817859078e-01,0.000000000000000000e+00,1.296858846958227202e-02,2.885192444863182368e-02,0.000000000000000000e+00
9.585175593996974053e-01,0.000000000000000000e+00,1.104711051968980569e-02,3.043533008061275261e-02,0.000000000000000000e+00
9.574852418452440839e-01,0.000000000000000000e+00,1.093218459143221501e-02,3.158257356332353633e-02,0.000000000000000000e+00
9.434150260288014511e-01,1.584864847270050711e-02,1.253147578916590475e-02,2.820484970933234692e-02,0.000000000000000000e+00
9.520720381974372426e-01,0.000000000000000000e+00,1.861390853570021181e-02,2.931405326686260457e-02,0.000000000000000000e+00
9.567444560421044519e-01,0.000000000000000000e+00,1.304089500548822299e-02,3.021464895240736151e-02,0.000000000000000000e+00
9.591994091089024455e-01,0.000000000000000000e+00,1.121242519418453806e-02,2.958816569691304077e-02,0.000000000000000000e+00
9.527170452180452331e-01,0.000000000000000000e+00,1.747925645737566022e-02,2.980369832457909277e-02,0.000000000000000000e+00
9.564220501413183140e-01,0.000000000000000000e+00,1.559413566338009420e-02,2.798381419530170805e-02,0.000000000000000000e+00
9.398178259274142521e-01,0.000000000000000000e+00,1.294078215621140455e-02,2.906066684920947246e-02,1.818072506716505998e-02
9.471043046997693615e-01,1.294105789709821402e-02,1.044265134136330465e-02,2.951198606176927072e-02,0.000000000000000000e+00
9.555356290784745577e-01,0.000000000000000000e+00,1.520806119887406320e-02,2.925630972265145721e-02,0.000000000000000000e+00
8.924572021992399629e-01,7.246820420808244845e-02,8.343709082786044881e-03,2.673088450989158371e-02,0.000000000000000000e+00
9.534109605223388684e-01,0.000000000000000000e+00,1.510541085764362072e-02,3.148362862001744672e-02,0.000000000000000000e+00
9.573746103807971863e-01,0.000000000000000000e+00,1.446215572089731144e-02,2.816323389830558549e-02,0.000000000000000000e+00
9.566232098880635970e-01,0.000000000000000000e+00,1.580744446310247339e-02,2.756934564883407185e-02,0.000000000000000000e+00
9.542395391566861340e-01,0.000000000000000000e+00,1.641402319024021922e-02,2.934643765307363289e-02,0.000000000000000000e+00
9.605673382088969481e-01,0.000000000000000000e+00,1.046874919494517400e-02,2.896391259615777383e-02,0.000000000000000000e+00
9.542720715973858070e-01,0.000000000000000000e+00,1.633377431034395422e-02,2.939415409227022144e-02,0.000000000000000000e+00
9.533529656360756332e-01,0.000000000000000000e+00,1.852148317557330767e-02,2.812555118835104867e-02,0.000000000000000000e+00
8.713552560225582555e-01,9.768585009128737118e-02,4.755075419537657319e-03,2.620381846661679753e-02,0.000000000000000000e+00
9.573565130253371969e-01,0.000000000000000000e+00,1.228624956273697763e-02,3.035723741192582897e-02,0.000000000000000000e+00
9.275018039671715231e-01,3.501052110428348046e-02,8.559694134483597505e-03,2.892798079406139200e-02,0.000000000000000000e+00
9.559448740538156741e-01,0.000000000000000000e+00,1.373258133291850071e-02,3.032254461326580608e-02,0.000000000000000000e+00
9.623416229194553528e-01,0.000000000000000000e+00,8.709688581140608010e-03,2.894868849940419875e-02,0.000000000000000000e+00
9.516365680640404001e-01,0.000000000000000000e+00,1.748358121096784540e-02,3.087985072499169203e-02,0.000000000000000000e+00
9.425907637315131815e-01,1.762999249956502881e-02,1.122943189981926056e-02,2.854981186910237126e-02,0.000000000000000000e+00
9.542510316163628215e-01,0.000000000000000000e+00,1.860073679464047808e-02,2.714823158899678027e-02,0.000000000000000000e+00
9.416636971105548648e-01,1.723771725421668552e-02,1.191273299091901230e-02,2.918585264430935411e-02,0.000000000000000000e+00
9.539938359541736412e-01,0.000000000000000000e+00,1.677694674923219109e-02,2.922921729659409829e-02,0.000000000000000000e+00
9.583723079425378044e-01,0.000000000000000000e+00,1.195532161754980782e-02,2.967237043991226980e-02,0.000000000000000000e+00
9.601812010082395599e-01,0.000000000000000000e+00,8.511549287143661477e-03,3.130724970461667978e-02,0.000000000000000000e+00
9.552406380207238978e-01,0.000000000000000000e+00,1.524843341185995634e-02,2.951092856741597062e-02,0.000000000000000000e+00
9.588163379920371376e-01,0.000000000000000000e+00,1.230888028236044353e-02,2.887478172560243792e-02,0.000000000000000000e+00
9.568271743435622367e-01,2.308900144306130428e-03,1.300708210670762331e-02,2.785684340542411014e-02,0.000000000000000000e+00
9.156339529507721009e-01,4.237820575589974076e-02,1.374223110417066053e-02,2.824561018915734342e-02,0.000000000000000000e+00
9.488381221498739526e-01,0.000000000000000000e+00,2.196071625697099822e-02,2.920116159315500406e-02,0.000000000000000000e+00
9.530674803932746020e-01,0.000000000000000000e+00,1.760019557766302409e-02,2.933232402906221434e-02,0.000000000000000000e+00
9.571928365891249069e-01,0.000000000000000000e+00,1.190263886782007806e-02,3.090452454305510355e-02,0.000000000000000000e+00
9.560620397085968225e-01,0.000000000000000000e+00,1.416341819936810936e-02,2.977454209203495711e-02,0.000000000000000000e+00
9.544035295165852473e-01,0.000000000000000000e+00,1.437457508821452824e-02,3.122189539520015336e-02,0.000000000000000000e+00
9.321278154953331896e-01,3.074318211793135303e-02,8.615676074270104887e-03,2.851332631246539240e-02,0.000000000000000000e+00
8.920476899804059556e-01,7.564248119023135597e-02,5.710091701321648797e-03,2.659973712804096155e-02,0.000000000000000000e+00
9.524636832321634605e-01,0.000000000000000000e+00,1.992596995274504776e-02,2.761034681509154723e-02,0.000000000000000000e+00
9.513360868995061059e-01,0.000000000000000000e+00,1.210489118567855543e-02,3.016343061250586002e-02,6.395591302309432645e-03
9.590144270384017844e-01,0.000000000000000000e+00,1.270673018314377387e-02,2.827884277845459093e-02,0.000000000000000000e+00
9.572239987923479854e-01,0.000000000000000000e+00,1.383132004921780282e-02,2.894468115843424477e-02,0.000000000000000000e+00
9.570662271711608549e-01,0.000000000000000000e+00,1.464150724723235243e-02,2.829226558160674240e-02,0.000000000000000000e+00
9.277912641632107826e-01,0.000000000000000000e+00,1.704258857391744916e-02,2.709849733790536258e-02,2.806764992496654093e-02
9.300054630712960568e-01,3.473596925427780563e-02,6.737191858148629427e-03,2.852137581627731816e-02,0.000000000000000000e+00
8.840251002067306407e-01,0.000000000000000000e+00,1.448641360366601481e-02,2.595306690076874118e-02,7.553541928883462930e-02
9.567541778166938071e-01,0.000000000000000000e+00,1.431647509923675461e-02,2.892934708406936367e-02,0.000000000000000000e+00
9.507231817595294121e-01,0.000000000000000000e+00,1.976033006367744135e-02,2.928819026305237022e-02,2.282979137406364854e-04
9.581542535971738772e-01,0.000000000000000000e+00,1.264147470082232876e-02,2.920427170200374373e-02,0.000000000000000000e+00
8.885317316441994073e-01,7.975875650270489170e-02,5.635245820405022227e-03,2.607426603269085222e-02,0.000000000000000000e+00
8.585962200278578482e-01,1.040231060029069843e-01,1.215060429081239735e-02,2.523006967842284301e-02,0.000000000000000000e+00
9.101277491219050830e-01,5.218017862899436421e-02,9.955082330954370326e-03,2.773698991814604539e-02,0.000000000000000000e+00
9.557843756206914065e-01,0.000000000000000000e+00,1.647187614540311651e-02,2.774374823390542838e-02,0.000000000000000000e+00
9.272110271350472166e-01,3.019330843432831146e-02,1.569953986698586004e-02,2.689612456363863272e-02,0.000000000000000000e+00
8.586214858214085144e-01,1.073533587924245664e-01,8.464134468056539601e-03,2.556102091811040741e-02,0.000000000000000000e+00
9.558904137757443520e-01,0.000000000000000000e+00,1.512991039667227131e-02,2.897967582758345303e-02,0.000000000000000000e+00
8.762636815586003491e-01,8.237002116652973605e-02,1.427395209588280117e-02,2.709234517898702344e-02,0.000000000000000000e+00
9.627554130089128748e-01,0.000000000000000000e+00,7.758087191082353382e-03,2.948649980000463827e-02,0.000000000000000000e+00
9.522969938966638903e-01,0.000000000000000000e+00,1.886093680660641883e-02,2.884206929672963535e-02,0.000000000000000000e+00
9.573183000303193690e-01,0.000000000000000000e+00,1.323234757306076571e-02,2.944935239661982881e-02,0.000000000000000000e+00
9.551953184514904160e-01,0.000000000000000000e+00,1.632968051930495240e-02,2.847500102920474951e-02,0.000000000000000000e+00
9.558659762937865567e-01,0.000000000000000000e+00,1.602508990002157394e-02,2.810893380619172710e-02,0.000000000000000000e+00
8.946633153194073484e-01,6.412500252819126889e-02,1.248026742735886679e-02,2.873141472504254362e-02,0.000000000000000000e+00
9.601362485587797702e-01,0.000000000000000000e+00,1.082942869212148024e-02,2.903432274909862471e-02,0.000000000000000000e+00
8.670994239458211794e-01,9.818506940577328979e-02,9.646583806965494667e-03,2.506892284144017838e-02,0.000000000000000000e+00
9.583151995337415574e-01,0.000000000000000000e+00,1.184916175140806813e-02,2.983563871485024957e-02,0.000000000000000000e+00
9.545764516977118808e-01,0.000000000000000000e+00,1.590619670606076633e-02,2.951735159622741536e-02,0.000000000000000000e+00
9.518512214629742951e-01,0.000000000000000000e+00,1.957345984902280137e-02,2.857531868800301106e-02,0.000000000000000000e+00
9.588438907554570623e-01,0.000000000000000000e+00,1.217386688256690171e-02,2.898224236197607245e-02,0.000000000000000000e+00
9.501630283403666999e-01,1.060705685873374222e-02,9.851790909718081274e-03,2.937812389118139161e-02,0.000000000000000000e+00
9.642830552757195584e-01,0.000000000000000000e+00,6.166724346455772221e-03,2.955022037782460004e-02,0.000000000000000000e+00
9.330560138963700512e-01,2.540078214285729566e-02,1.155743071418272212e-02,2.998577324658999524e-02,0.000000000000000000e+00
9.561205532311148891e-01,0.000000000000000000e+00,1.564460752329221646e-02,2.823483924559300542e-02,0.000000000000000000e+00
9.606197899132026263e-01,0.000000000000000000e+00,8.952478811937293265e-03,3.042773127486005438e-02,0.000000000000000000e+00
9.559927145670572557e-01,0.000000000000000000e+00,1.554874770843420531e-02,2.845853772450841757e-02,0.000000000000000000e+00
8.250316715565246817e-01,1.456172081671569529e-01,6.795610959936128521e-03,2.255550931638214754e-02,0.000000000000000000e+00
9.559574442189350263e-01,0.000000000000000000e+00,1.344524608116269386e-02,3.059730969990216709e-02,0.000000000000000000e+00
9.567237431703685679e-01,4.799673818653363809e-03,8.355816357228287167e-03,3.012076665374974205e-02,0.000000000000000000e+00
9.567996290124676229e-01,0.000000000000000000e+00,1.576505015734038298e-02,2.743532083019198722e-02,0.000000000000000000e+00
9.549592482367830204e-01,0.000000000000000000e+00,1.506335990214469588e-02,2.997739186107226464e-02,0.000000000000000000e+00
9.534176199159695164e-01,0.000000000000000000e+00,1.760595842820126752e-02,2.897642165582924728e-02,0.000000000000000000e+00
9.469641264972387118e-01,5.615097002733838646e-03,1.846547575126700202e-02,2.895530074876023069e-02,0.000000000000000000e+00
9.564113699948760816e-01,0.000000000000000000e+00,1.510149074893623634e-02,2.848713925618774276e-02,0.000000000000000000e+00
9.580336673012991300e-01,0.000000000000000000e+00,1.342243674459520086e-02,2.854389595410566915e-02,0.000000000000000000e+00
9.557822184485097461e-01,0.000000000000000000e+00,1.609386294750146315e-02,2.812391860398875260e-02,0.000000000000000000e+00
9.582648139412365262e-01,0.000000000000000000e+00,1.094473433327915364e-02,3.079045172548433920e-02,0.000000000000000000e+00
9.588810263250977517e-01,0.000000000000000000e+00,1.094479280823269958e-02,3.017418086666977250e-02,0.000000000000000000e+00
9.549238592135529391e-01,0.000000000000000000e+00,1.558708536557058821e-02,2.948905542087636514e-02,0.000000000000000000e+00
9.554467575973488724e-01,0.000000000000000000e+00,1.499557094417302248e-02,2.955767145847801314e-02,0.000000000000000000e+00
8.866562786405588481e-01,4.735200465692756405e-02,9.868038482748813997e-03,2.713510495833612243e-02,2.898857326142869825e-02
9.540040527846762597e-01,0.000000000000000000e+00,1.652759930669229355e-02,2.946834790863145717e-02,0.000000000000000000e+00
9.325104692422416797e-01,0.000000000000000000e+00,9.946210326894388762e-03,3.051774583026738499e-02,2.702557460059647546e-02
9.578879785865774821e-01,0.000000000000000000e+00,1.324548870980525594e-02,2.886653270361719953e-02,0.000000000000000000e+00
9.563094043676360068e-01,3.501784917426198351e-03,9.102789828354978380e-03,3.108602088658289631e-02,0.000000000000000000e+00
9.118211258761488303e-01,5.129885374813578092e-02,1.055191947813275896e-02,2.632810089758263333e-02,0.000000000000000000e+00
