# DNRN, Denitrification, Anammox, Nitrite Oxidation, CaCO3 Dissolution 
7.842773988340617786e-01,0.000000000000000000e+00,0.000000000000000000e+00,2.643455621115023760e-02,1.892880449547878763e-01
6.616324478198228887e-01,1.431002619474612721e-02,0.000000000000000000e+00,2.189840731839961391e-02,3.021591186670314344e-01
6.036380711309157210e-01,0.000000000000000000e+00,8.873618039977017790e-04,1.981950991125376593e-02,3.756550571538327388e-01
7.015487990560710374e-01,0.000000000000000000e+00,1.282763671939448876e-03,2.394384373650650100e-02,2.732245935354831179e-01
7.065553077051717201e-01,0.000000000000000000e+00,5.971165285304438913e-05,2.426624188800225942e-02,2.691187387539728526e-01
6.658243567643317151e-01,0.000000000000000000e+00,0.000000000000000000e+00,2.227471788167838598e-02,3.119009253539899440e-01
6.618467500433365958e-01,2.880163773412296267e-03,0.000000000000000000e+00,2.255421985601399615e-02,3.127188663272370550e-01
6.557778645377676519e-01,6.719702692843877896e-03,0.000000000000000000e+00,2.188325895362101120e-02,3.156191738157674287e-01
6.725658374362896152e-01,9.874177445408929832e-03,0.000000000000000000e+00,2.277580672664394901e-02,2.947841783916573810e-01
6.465104510629990919e-01,0.000000000000000000e+00,1.319539620675665918e-04,2.179430782022548710e-02,3.315632871547077865e-01
6.655028693462643474e-01,0.000000000000000000e+00,0.000000000000000000e+00,2.214724551855130896e-02,3.123498851351841910e-01
7.164690795844130822e-01,0.000000000000000000e+00,0.000000000000000000e+00,2.375959250397882000e-02,2.597713279116081742e-01
7.070370328390044312e-01,0.000000000000000000e+00,0.000000000000000000e+00,2.404065300487854065e-02,2.689223141561168928e-01
7.498502243420548385e-01,1.458702340025955918e-02,0.000000000000000000e+00,2.438749589297053988e-02,2.111752563647150138e-01
6.502950040574868584e-01,0.000000000000000000e+00,0.000000000000000000e+00,2.149335526343143510e-02,3.282116406790815955e-01
6.683456791746623660e-01,0.000000000000000000e+00,0.000000000000000000e+00,2.264667074726434137e-02,3.090076500780732371e-01
6.636607544834701722e-01,0.000000000000000000e+00,0.000000000000000000e+00,2.253515485437236621e-02,3.138040906621575310e-01
6.566327899940633817e-01,5.506636968144555493e-03,0.000000000000000000e+00,2.158919387048036792e-02,3.162713791673116281e-01
6.731757391858134154e-01,0.000000000000000000e+00,0.000000000000000000e+00,2.263008678533365292e-02,3.041941740288530704e-01
6.885064593488496865e-01,0.000000000000000000e+00,7.708774442275550219e-04,2.294448355942977497e-02,2.877781796474929155e-01
5.816932423236447214e-01,1.681139387725963429e-03,2.009328234175472745e-04,1.938890024725585179e-02,3.970357852179560720e-01
7.207251935824181555e-01,0.000000000000000000e+00,0.000000000000000000e+00,2.425698160648308288e-02,2.550178248110988033e-01
6.206701349950842772e-01,4.248332199934812801e-04,0.000000000000000000e+00,2.087025559091086613e-02,3.580347761940113616e-01
6.983958033439154889e-01,0.000000000000000000e+00,1.641043465991135018e-03,2.320650064519851410e-02,2.767566525448947878e-01
6.702013029310136538e-01,0.000000000000000000e+00,0.000000000000000000e+00,2.267864203657702499e-02,3.071200550324094669e-01
7.125532026699793464e-01,0.000000000000000000e+00,0.000000000000000000e+00,2.418738928848748054e-02,2.632594080415330273e-01
6.506275427449031978e-01,0.000000000000000000e+00,7.603960598437066931e-04,2.194304998465823955e-02,3.266690112105948840e-01
6.824320704195273590e-01,0.000000000000000000e+00,0.000000000000000000e+00,2.297895428664942577e-02,2.945889752938232742e-01
5.867976123600847638e-01,0.000000000000000000e+00,0.000000000000000000e+00,1.986968223595822480e-02,3.933327054039569282e-01
7.023657419830703352e-01,0.000000000000000000e+00,0.000000000000000000e+00,2.389372845919625690e-02,2.737405295577334252e-01
6.363326501764798859e-01,0.000000000000000000e+00,1.601770138060840945e-03,2.120987453912708681e-02,3.408557051463322329e-01
7.080372162638001177e-01,0.000000000000000000e+00,5.382910458375608656e-05,2.378856952039193687e-02,2.681203851112241021e-01
7.163096710442058423e-01,7.938259262809622616e-03,1.303911981140700197e-03,2.365867764519435229e-02,2.507894800666494173e-01
6.765956295072682591e-01,2.419522147182417288e-02,0.000000000000000000e+00,2.236707650726256491e-02,2.768420725136449545e-01
7.419784182230009240e-01,0.000000000000000000e+00,0.000000000000000000e+00,2.525824858127010200e-02,2.327633331957288942e-01
6.704147566153279003e-01,0.000000000000000000e+00,3.394248908883324063e-04,2.258898420223034303e-02,3.066568342915533263e-01
6.587795066655769416e-01,0.000000000000000000e+00,0.000000000000000000e+00,2.181512177859446303e-02,3.194053715558287654e-01
6.749326389643089952e-01,0.000000000000000000e+00,0.000000000000000000e+00,2.345131531547742579e-02,3.016160457202136103e-01
7.539549128880952411e-01,0.000000000000000000e+00,0.000000000000000000e+00,2.542286164656469560e-02,2.206222254653401049e-01
7.361193872808241556e-01,0.000000000000000000e+00,0.000000000000000000e+00,2.493561010287745003e-02,2.389450026162983354e-01
7.606325558145909937e-01,0.000000000000000000e+00,4.689312168538215886e-04,2.574673440663573579e-02,2.131517785619194416e-01
6.503719595188701685e-01,0.000000000000000000e+00,2.401355426533657281e-04,2.196958817250842938e-02,3.274183167659679428e-01
6.357565713905317661e-01,0.000000000000000000e+00,9.936934305868826926e-04,2.158787848222169098e-02,3.416618566966597159e-01
7.135883747921692999e-01,0.000000000000000000e+00,0.000000000000000000e+00,2.399020982467919144e-02,2.624214153831515572e-01
7.585514183389625575e-01,0.000000000000000000e+00,0.000000000000000000e+00,2.597197801514481222e-02,2.154766036458927447e-01
6.683399503247958728e-01,0.000000000000000000e+00,1.121566836784333287e-03,2.221516326957290871e-02,3.083233195688468431e-01
6.513833091058477409e-01,0.000000000000000000e+00,2.134809125779694484e-03,2.158471422163585340e-02,3.248971675467366982e-01
7.572488421033872763e-01,0.000000000000000000e+00,0.000000000000000000e+00,2.564714553799168906e-02,2.171040123586210624e-01
6.691043712250450692e-01,0.000000000000000000e+00,0.000000000000000000e+00,2.269791791863913152e-02,3.081977108563157541e-01
6.619247835642980693e-01,0.000000000000000000e+00,0.000000000000000000e+00,2.229872600505367758e-02,3.157764904306482046e-01
6.115013057526869078e-01,0.000000000000000000e+00,9.128717048916872240e-04,2.051434892174246183e-02,3.670714736206789897e-01
7.001119799159805090e-01,0.000000000000000000e+00,0.000000000000000000e+00,2.317748221206475390e-02,2.767105378719547093e-01
6.504669622283301145e-01,0.000000000000000000e+00,0.000000000000000000e+00,2.184868473122125038e-02,3.276843530404486837e-01
7.322193148067668300e-01,0.000000000000000000e+00,0.000000000000000000e+00,2.456611519033185045e-02,2.432145700029013646e-01
6.858128277176122056e-01,0.000000000000000000e+00,0.000000000000000000e+00,2.281822403349683184e-02,2.913689482488909244e-01
6.867988935073198187e-01,0.000000000000000000e+00,0.000000000000000000e+00,2.314668151398211610e-02,2.900544249786982109e-01
5.880381394511152715e-01,0.000000000000000000e+00,0.000000000000000000e+00,1.984325831663822856e-02,3.921186022322464826e-01
6.825435986262771149e-01,0.000000000000000000e+00,4.407111142328237643e-04,2.323368389903053208e-02,2.937820063604594245e-01
6.588878031191747198e-01,0.000000000000000000e+00,0.000000000000000000e+00,2.180067364232109173e-02,3.193115232385041469e-01
6.848119584380825131e-01,0.000000000000000000e+00,0.000000000000000000e+00,2.253125463393314265e-02,2.926567869279844136e-01
7.387257562117207632e-01,0.000000000000000000e+00,0.000000000000000000e+00,2.533343882852816600e-02,2.359408049597510881e-01
6.791175412052528060e-01,0.000000000000000000e+00,0.000000000000000000e+00,2.300065659995807407e-02,2.978818021947890471e-01
6.700145401167266757e-01,0.000000000000000000e+00,9.373277738823788128e-04,2.205297432973490554e-02,3.069951577796560249e-01
5.931790242464841656e-01,0.000000000000000000e+00,0.000000000000000000e+00,1.991875788019681695e-02,3.869022178733190209e-01
6.776509462939283024e-01,0.000000000000000000e+00,0.000000000000000000e+00,2.305351521514962046e-02,2.992955384909222194e-01
7.380296680281908106e-01,0.000000000000000000e+00,2.216804605541224050e-04,2.506890438367017845e-02,2.366797471275848552e-01
7.204779416768365419e-01,8.058259885147482995e-03,0.000000000000000000e+00,2.450410528715070424e-02,2.469596931508652449e-01
7.111435793522452586e-01,0.000000000000000000e+00,0.000000000000000000e+00,2.395201117247652833e-02,2.649044094752782130e-01
6.420603110623650522e-01,0.000000000000000000e+00,0.000000000000000000e+00,2.117357659902351780e-02,3.367661123386113120e-01
7.129488023213591541e-01,0.000000000000000000e+00,0.000000000000000000e+00,2.429466821717218838e-02,2.627565294614685465e-01
7.099784880366023510e-01,0.000000000000000000e+00,6.563945207651329791e-04,2.414044191084284072e-02,2.652246755317897997e-01
6.935343590600150376e-01,0.000000000000000000e+00,0.000000000000000000e+00,2.346050252914120768e-02,2.830051384108437373e-01
6.544397982815476356e-01,8.607080764603815617e-03,1.614984491284153576e-04,2.204230425217863429e-02,3.147493182525413769e-01
7.175657788871706577e-01,0.000000000000000000e+00,0.000000000000000000e+00,2.420867405207449696e-02,2.582255470607547898e-01
6.049444505837958674e-01,0.000000000000000000e+00,6.987692379846331030e-05,2.050067816742536658e-02,3.744849943249802804e-01
6.974644531707097084e-01,3.378885119458138568e-03,0.000000000000000000e+00,2.342002239419672255e-02,2.757366393156354678e-01
6.808925796526305030e-01,0.000000000000000000e+00,0.000000000000000000e+00,2.321705066907369178e-02,2.958903696782958503e-01
6.038388293628982328e-01,0.000000000000000000e+00,6.043102260166251672e-04,1.996195733094491623e-02,3.755949030801403188e-01
6.831221121642055971e-01,0.000000000000000000e+00,3.068863891407484627e-04,2.293714177776949234e-02,2.936338596688840008e-01
6.145042308778619899e-01,2.542571579685805739e-04,0.000000000000000000e+00,2.086065294999552011e-02,3.643808590141739967e-01
7.699828401642958564e-01,0.000000000000000000e+00,0.000000000000000000e+00,2.663092108507831429e-02,2.033862387506258917e-01
6.708961953411174406e-01,0.000000000000000000e+00,5.959460708265469685e-04,2.284135759972188637e-02,3.056665009883340334e-01
6.889326845178015413e-01,0.000000000000000000e+00,3.661868139998201922e-04,2.283799999277889153e-02,2.878631286754197993e-01
6.638286869196214912e-01,0.000000000000000000e+00,0.000000000000000000e+00,2.231181331112786978e-02,3.138594997692506494e-01
7.883079338757710275e-01,0.000000000000000000e+00,0.000000000000000000e+00,2.658290670018487178e-02,1.851091594240441562e-01
7.096690572987159884e-01,0.000000000000000000e+00,0.000000000000000000e+00,2.399513726625351548e-02,2.663358054350304926e-01
6.228169341670846126e-01,0.000000000000000000e+00,0.000000000000000000e+00,2.121342007045123532e-02,3.559696457624640931e-01
6.338322961131125366e-01,0.000000000000000000e+00,0.000000000000000000e+00,2.104306589736864089e-02,3.451246379895188676e-01
7.037325013423203490e-01,0.000000000000000000e+00,0.000000000000000000e+00,2.382987484798275435e-02,2.724376238096969383e-01
7.538704441353144547e-01,0.000000000000000000e+00,0.000000000000000000e+00,2.595229799623690811e-02,2.201772578684487169e-01
7.072472455745151265e-01,2.733418656186455803e-04,0.000000000000000000e+00,2.395980991274064553e-02,2.685196026471256547e-01
5.301380615840558530e-01,8.665167720819981706e-04,4.597346574826786524e-04,1.722790748754753076e-02,4.513077794988319402e-01
7.206764061585976266e-01,0.000000000000000000e+00,0.000000000000000000e+00,2.457829167861822969e-02,2.547453021627842928e-01
6.034415339756312724e-01,4.596530199655050018e-03,0.000000000000000000e+00,2.017565773088053627e-02,3.717862780938330780e-01
7.269234973237359565e-01,5.603581852539756512e-03,7.019324438419964141e-04,2.465959662056710702e-02,2.421113917593151754e-01
6.203079157487474404e-01,0.000000000000000000e+00,0.000000000000000000e+00,2.089260073891207464e-02,3.587994835123404780e-01
6.315609923573741735e-01,0.000000000000000000e+00,0.000000000000000000e+00,2.112994274004541262e-02,3.473090649025803445e-01
7.562308784889034685e-01,0.000000000000000000e+00,0.000000000000000000e+00,2.547183334342753916e-02,2.182972881676689958e-01
5.404642125653269513e-01,0.000000000000000000e+00,0.000000000000000000e+00,1.809424119616459548e-02,4.414415462385084532e-01
5.920212477775731452e-01,0.000000000000000000e+00,0.000000000000000000e+00,1.961676537037541218e-02,3.883619868520514773e-01
6.481483761205530936e-01,0.000000000000000000e+00,0.000000000000000000e+00,2.115783888534145118e-02,3.306937849941053997e-01
6.537679973823945501e-01,0.000000000000000000e+00,0.000000000000000000e+00,2.196664407076868303e-02,3.242653585468366906e-01
6.519241129801761625e-01,0.000000000000000000e+00,4.773752653724804896e-04,2.161874383303260053e-02,3.259797679214186950e-01
7.224664180436440875e-01,0.000000000000000000e+00,0.000000000000000000e+00,2.426768113643967134e-02,2.532659008199161788e-01
5.984053026303535194e-01,0.000000000000000000e+00,0.000000000000000000e+00,2.023985145086350246e-02,3.813548459187829365e-01
7.106219915352456340e-01,0.000000000000000000e+00,0.000000000000000000e+00,2.426482694575595248e-02,2.651131815189983199e-01
7.208674627340170282e-01,0.000000000000000000e+00,0.000000000000000000e+00,2.409535001804273546e-02,2.550371872479402779e-01
7.387729439945378562e-01,0.000000000000000000e+00,0.000000000000000000e+00,2.513747133036727671e-02,2.360895846750948601e-01
7.201361406370118123e-01,7.840742537601405604e-03,0.000000000000000000e+00,2.337733523049022322e-02,2.486457815948965033e-01
5.971875336037861803e-01,3.504983887066775213e-03,0.000000000000000000e+00,1.969628411394436576e-02,3.796111983952025759e-01
6.779169044000407096e-01,0.000000000000000000e+00,0.000000000000000000e+00,2.261422788681477503e-02,2.994688677131445154e-01
6.730759117556462945e-01,0.000000000000000000e+00,0.000000000000000000e+00,2.282473612851314629e-02,3.040993521158405488e-01
6.680895298573558128e-01,0.000000000000000000e+00,2.621524806191315496e-04,2.250589427057668110e-02,3.091424233914484287e-01
6.560431553133309057e-01,0.000000000000000000e+00,0.000000000000000000e+00,2.223760004602570034e-02,3.217192446406433315e-01
6.370545948902097688e-01,0.000000000000000000e+00,4.757467771184745869e-04,2.161787119318966596e-02,3.408517871394821097e-01
6.910832778844124835e-01,0.000000000000000000e+00,0.000000000000000000e+00,2.326540207148779585e-02,2.856513200440997102e-01
7.193728438634392486e-01,1.090080304814848924e-02,0.000000000000000000e+00,2.390055263442279060e-02,2.458258004539895514e-01
6.481075998951384420e-01,0.000000000000000000e+00,0.000000000000000000e+00,2.158106476357994283e-02,3.303113353412815978e-01
6.734894489896564584e-01,0.000000000000000000e+00,0.000000000000000000e+00,2.269646591089712409e-02,3.038140850994465736e-01
6.747556792441006257e-01,0.000000000000000000e+00,0.000000000000000000e+00,2.252333972835801959e-02,3.027209810275413027e-01
5.973997324230834183e-01,0.000000000000000000e+00,0.000000000000000000e+00,2.028197710143517934e-02,3.823182904754813816e-01
6.749968844246183597e-01,0.000000000000000000e+00,0.000000000000000000e+00,2.274093026028724610e-02,3.022621853150943561e-01
7.152448986128294717e-01,0.000000000000000000e+00,0.000000000000000000e+00,2.455464584761490876e-02,2.602004555395555085e-01
6.685609404344935447e-01,0.000000000000000000e+00,0.000000000000000000e+00,2.266200599450631306e-02,3.087770535710002706e-01
6.593215526891856859e-01,0.000000000000000000e+00,0.000000000000000000e+00,2.248066812847740459e-02,3.181977791823368817e-01
6.749209049208692024e-01,0.000000000000000000e+00,0.000000000000000000e+00,2.245410491880846585e-02,3.026249901603221826e-01
7.480388904292125662e-01,0.000000000000000000e+00,0.000000000000000000e+00,2.555498536160284023e-02,2.264061242091845172e-01
7.225739545420815091e-01,1.080900394841618171e-02,0.000000000000000000e+00,2.456483370254165105e-02,2.420522078069606842e-01
6.791238646264521339e-01,0.000000000000000000e+00,9.047352642795618207e-04,2.311651859046999491e-02,2.968548815187981860e-01
6.406600982349222040e-01,3.865922240515545349e-03,0.000000000000000000e+00,2.170520798127916276e-02,3.337687715432832158e-01
7.208818034417964205e-01,0.000000000000000000e+00,0.000000000000000000e+00,2.433631022152155446e-02,2.547818863366819730e-01
6.606065099478217739e-01,0.000000000000000000e+00,0.000000000000000000e+00,2.225392536991385381e-02,3.171395646822643410e-01
6.737946175561305706e-01,0.000000000000000000e+00,0.000000000000000000e+00,2.242486993280333116e-02,3.037805125110660809e-01
5.976500352129739957e-01,3.916615402248554804e-03,0.000000000000000000e+00,1.972625429370072556e-02,3.787070950910767508e-01
6.182565189173302445e-01,0.000000000000000000e+00,0.000000000000000000e+00,2.066985775321834168e-02,3.610736233294513653e-01
6.011810907329165898e-01,5.809267793414845012e-03,0.000000000000000000e+00,1.988585869567296993e-02,3.731237827779956273e-01
6.483232561288015949e-01,0.000000000000000000e+00,0.000000000000000000e+00,2.182746159114345996e-02,3.298492822800550006e-01
6.445998691634913236e-01,0.000000000000000000e+00,0.000000000000000000e+00,2.144195468139823216e-02,3.339581761551103645e-01
6.988426494058036509e-01,0.000000000000000000e+00,0.000000000000000000e+00,2.341303940671029399e-02,2.777443111874859927e-01
6.449729921692697321e-01,0.000000000000000000e+00,0.000000000000000000e+00,2.166955732063075013e-02,3.333574505100996288e-01
6.818507015687099715e-01,0.000000000000000000e+00,0.000000000000000000e+00,2.300290835128195738e-02,2.951463900800080919e-01
6.557573771222923176e-01,1.125501068685189933e-02,4.243450268383929078e-04,2.199247579589487869e-02,3.105707913681226007e-01
6.288091306421287330e-01,0.000000000000000000e+00,0.000000000000000000e+00,2.119066526682849422e-02,3.500002040910428214e-01
6.555193755985074811e-01,0.000000000000000000e+00,0.000000000000000000e+00,2.212386952687205727e-02,3.223567548746206213e-01
6.969096990461551844e-01,0.000000000000000000e+00,0.000000000000000000e+00,2.338899875974700948e-02,2.797013021940976674e-01
7.377257286338411157e-01,0.000000000000000000e+00,0.000000000000000000e+00,2.447740534195205417e-02,2.377968660242068544e-01
6.555006368822953178e-01,0.000000000000000000e+00,7.113445581748030478e-05,2.197257129222497662e-02,3.224556573696621964e-01
6.767152346438725097e-01,0.000000000000000000e+00,3.650798455412260441e-04,2.286615737713449531e-02,3.000535281334517634e-01
7.100811598972794902e-01,0.000000000000000000e+00,0.000000000000000000e+00,2.402910409115716073e-02,2.658897360115632935e-01
7.034891846885213962e-01,0.000000000000000000e+00,0.000000000000000000e+00,2.393533990954092167e-02,2.725754754019376058e-01
6.839878717722588375e-01,0.000000000000000000e+00,0.000000000000000000e+00,2.305978022253171722e-02,2.929523480052094175e-01
6.067534961791180015e-01,4.383081654369296639e-04,0.000000000000000000e+00,2.054522382299269617e-02,3.722629718324524384e-01
7.382338389670239920e-01,2.735995092139596047e-03,0.000000000000000000e+00,2.485900098704661373e-02,2.341711649537897844e-01
6.676738743721964964e-01,0.000000000000000000e+00,0.000000000000000000e+00,2.284574499939813139e-02,3.094803806284052716e-01
7.178047654354012819e-01,0.000000000000000000e+00,0.000000000000000000e+00,2.397084865264521511e-02,2.582243859119534579e-01
6.924227499833192079e-01,0.000000000000000000e+00,0.000000000000000000e+00,2.301775732986673442e-02,2.845594926868141306e-01
6.213168162741444789e-01,7.776930666417270800e-03,0.000000000000000000e+00,2.108041983964817692e-02,3.498258332197901610e-01
6.397115950317224797e-01,0.000000000000000000e+00,0.000000000000000000e+00,2.143384103682127034e-02,3.388545639314562985e-01
6.796188701359016093e-01,0.000000000000000000e+00,0.000000000000000000e+00,2.291115045052562887e-02,2.974699794135727826e-01
7.230640213539344385e-01,0.000000000000000000e+00,0.000000000000000000e+00,2.421575616331044303e-02,2.527202224827550525e-01
6.645003993376787932e-01,0.000000000000000000e+00,0.000000000000000000e+00,2.271934152753922465e-02,3.127802591347820238e-01
7.280368379137929224e-01,0.000000000000000000e+00,0.000000000000000000e+00,2.454629529921418044e-02,2.474168667869929561e-01
6.119059786413234558e-01,0.000000000000000000e+00,2.492062130825996595e-04,2.073797192596383079e-02,3.671068432196301079e-01
5.918235986337687660e-01,0.000000000000000000e+00,4.350701627616578097e-05,2.025820095391107564e-02,3.878746933960439125e-01
7.511967656734144239e-01,0.000000000000000000e+00,0.000000000000000000e+00,2.553293350312599991e-02,2.232703008234596109e-01
7.311721091842033893e-01,0.000000000000000000e+00,6.127379687165801763e-04,2.431370811505677298e-02,2.439014447320233536e-01
6.267721685386749009e-01,5.351473247230799021e-03,0.000000000000000000e+00,2.054698840665891355e-02,3.473293698074352842e-01
6.909773995194387064e-01,7.810957448838541303e-03,0.000000000000000000e+00,2.373348377162128389e-02,2.774781592601014424e-01
6.502696330261167335e-01,1.139244999349064806e-02,0.000000000000000000e+00,2.130562089802830877e-02,3.170322960823642733e-01
6.441938094433383721e-01,0.000000000000000000e+00,0.000000000000000000e+00,2.166144528246856729e-02,3.341447452741930224e-01
6.705904504767220553e-01,0.000000000000000000e+00,4.470558412124148520e-04,2.306122444222066456e-02,3.059012692398448419e-01
6.706629172878160183e-01,0.000000000000000000e+00,4.673904456018422452e-04,2.296144043081341929e-02,3.059082518357688074e-01
7.521815561761069358e-01,1.162562827365437243e-02,0.000000000000000000e+00,2.493031617494465349e-02,2.112624993752941216e-01
6.182022086824829898e-01,1.806729801419870024e-02,2.893697617995056258e-04,2.089405972722156030e-02,3.425470638142972257e-01
6.521105294242854900e-01,0.000000000000000000e+00,0.000000000000000000e+00,2.188729428363982502e-02,3.260021762920748412e-01
6.712090607440355239e-01,0.000000000000000000e+00,0.000000000000000000e+00,2.268013576228984640e-02,3.061108034936744771e-01
6.728661846460884943e-01,0.000000000000000000e+00,0.000000000000000000e+00,2.285183063749123000e-02,3.042819847164203728e-01
6.593317745422616616e-01,0.000000000000000000e+00,3.636093290580882671e-04,2.205149765725509040e-02,3.182531184714252337e-01
7.321905304961034977e-01,0.000000000000000000e+00,1.198060015643051448e-03,2.425055457498320050e-02,2.423608549132703904e-01
6.813417620603962055e-01,9.755609508192096199e-03,0.000000000000000000e+00,2.323903634583518105e-02,2.856635920855765121e-01
7.520969712753877712e-01,0.000000000000000000e+00,4.135881898425664157e-04,2.520761121405355742e-02,2.222818293207160234e-01
6.603160694019144517e-01,0.000000000000000000e+00,0.000000000000000000e+00,2.237262562162423835e-02,3.173113049764612059e-01
6.696403604263579945e-01,0.000000000000000000e+00,0.000000000000000000e+00,2.229962332765189278e-02,3.080600162459901648e-01
6.003966155654533177e-01,0.000000000000000000e+00,2.770712029755442404e-04,2.014853490730531688e-02,3.791777783242657462e-01
6.226382560615130179e-01,0.000000000000000000e+00,0.000000000000000000e+00,2.140503762888973718e-02,3.559567063095973039e-01
6.317105341977994337e-01,0.000000000000000000e+00,0.000000000000000000e+00,2.095272590858351588e-02,3.473367398936171857e-01
6.126567424918868410e-01,0.000000000000000000e+00,0.000000000000000000e+00,2.029451489055393229e-02,3.670487426175592649e-01
7.232361427089025741e-01,0.000000000000000000e+00,0.000000000000000000e+00,2.437709633396169251e-02,2.523867609571359139e-01
6.295333492337326087e-01,0.000000000000000000e+00,0.000000000000000000e+00,2.090725432671109579e-02,3.495593964395564690e-01
6.838934606372267799e-01,0.000000000000000000e+00,2.375605165329963025e-04,2.261827085172296581e-02,2.932507079945174677e-01
5.961637363435220438e-01,0.000000000000000000e+00,0.000000000000000000e+00,1.972260467809525478e-02,3.841136589783827326e-01
7.019983609061635210e-01,0.000000000000000000e+00,0.000000000000000000e+00,2.389660752832602902e-02,2.741050315655103042e-01
6.444019011954656984e-01,0.000000000000000000e+00,0.000000000000000000e+00,2.139009612202979679e-02,3.342080026825045569e-01
6.704824653284539027e-01,0.000000000000000000e+00,0.000000000000000000e+00,2.279514227253188335e-02,3.067223923990141099e-01
7.014678975670344263e-01,0.000000000000000000e+00,3.988107075131078184e-04,2.396069052999847196e-02,2.741726011954540021e-01
7.225093904517840837e-01,0.000000000000000000e+00,0.000000000000000000e+00,2.429887051768870807e-02,2.531917390305271076e-01
6.622462150939750769e-01,0.000000000000000000e+00,0.000000000000000000e+00,2.226181353335822399e-02,3.154919713726666020e-01
7.279174985165315359e-01,0.000000000000000000e+00,0.000000000000000000e+00,2.439515336539566787e-02,2.476873481180728864e-01
6.823177985391857270e-01,0.000000000000000000e+00,2.100304817427628686e-05,2.354388921653074659e-02,2.941173091961092334e-01
6.768467405292708516e-01,0.000000000000000000e+00,0.000000000000000000e+00,2.306099770941903715e-02,3.000922617613101528e-01
7.602468919271470060e-01,0.000000000000000000e+00,0.000000000000000000e+00,2.549563594960731552e-02,2.142574721232457513e-01
6.926700471799738246e-01,0.000000000000000000e+00,0.000000000000000000e+00,2.324329263612551211e-02,2.840866601839006078e-01
6.862304790352605766e-01,0.000000000000000000e+00,0.000000000000000000e+00,2.296482267318618320e-02,2.908046982915534207e-01
6.048359162271969014e-01,0.000000000000000000e+00,0.000000000000000000e+00,1.974367126343172518e-02,3.754204125093714151e-01
7.129800333469735740e-01,0.000000000000000000e+00,0.000000000000000000e+00,2.414159296252173931e-02,2.628783736905046520e-01
7.270225221699005980e-01,0.000000000000000000e+00,8.519475957853504507e-04,2.448854395224783070e-02,2.476369862820663181e-01
6.863053504758128698e-01,1.264242656042838774e-02,0.000000000000000000e+00,2.299276372471627250e-02,2.780594592390426278e-01
6.546080973066920050e-01,0.000000000000000000e+00,0.000000000000000000e+00,2.210079388069316128e-02,3.232911088126148025e-01
6.351519354572230380e-01,0.000000000000000000e+00,1.069683514402206253e-03,2.159699482506204082e-02,3.421813862033126208e-01
7.042995610593961731e-01,0.000000000000000000e+00,0.000000000000000000e+00,2.388412150928058073e-02,2.718163174313232844e-01
6.584448397705844336e-01,0.000000000000000000e+00,0.000000000000000000e+00,2.207171234629556889e-02,3.194834478831198865e-01
6.305836639443537228e-01,0.000000000000000000e+00,0.000000000000000000e+00,2.162781139935297803e-02,3.477885246562933963e-01
6.393917976424632332e-01,0.000000000000000000e+00,0.000000000000000000e+00,2.118699892869028989e-02,3.394212034288465740e-01
6.835551192686676325e-01,0.000000000000000000e+00,1.936144511060068716e-03,2.261590210788467017e-02,2.918928341123875336e-01
6.826403197230777042e-01,0.000000000000000000e+00,0.000000000000000000e+00,2.300774879545204946e-02,2.943519314814701526e-01
7.045150835183220384e-01,0.000000000000000000e+00,0.000000000000000000e+00,2.375379941719263019e-02,2.717311170644853835e-01
7.156806593398480354e-01,0.000000000000000000e+00,3.997744607484940297e-04,2.337388818997587075e-02,2.605456780094275171e-01
6.962105315105392433e-01,0.000000000000000000e+00,4.619731048589769871e-04,2.351836377289042920e-02,2.798091316117113925e-01
6.711785830401428843e-01,0.000000000000000000e+00,0.000000000000000000e+00,2.237391830221698713e-02,3.064474986576402049e-01
6.610517249279639351e-01,0.000000000000000000e+00,1.886970862333384896e-04,2.270808606850023559e-02,3.160514919173024184e-01
6.755398253348984250e-01,0.000000000000000000e+00,7.150756660718802886e-04,2.279677651673609265e-02,3.009483224822936953e-01
6.612235012569303017e-01,0.000000000000000000e+00,0.000000000000000000e+00,2.195194681133005865e-02,3.168245519317396397e-01
6.239628473050716773e-01,0.000000000000000000e+00,0.000000000000000000e+00,2.113292669343164176e-02,3.549042260014966810e-01
6.281736360846768008e-01,4.324463277221373206e-03,0.000000000000000000e+00,2.101570522355360182e-02,3.464861954145481704e-01
6.665000409605631448e-01,0.000000000000000000e+00,0.000000000000000000e+00,2.228873324394266275e-02,3.112112257954941508e-01
6.916113128300986901e-01,0.000000000000000000e+00,0.000000000000000000e+00,2.340344708645073282e-02,2.849852400834503863e-01
7.546611999658193737e-01,0.000000000000000000e+00,0.000000000000000000e+00,2.588761456655712043e-02,2.194511854676235996e-01
6.753141387546013341e-01,0.000000000000000000e+00,0.000000000000000000e+00,2.242261081890199736e-02,3.022632504264968212e-01
6.860991237570663870e-01,0.000000000000000000e+00,0.000000000000000000e+00,2.288435931197668402e-02,2.910165169309568145e-01
5.462738031689221563e-01,0.000000000000000000e+00,0.000000000000000000e+00,1.845065849736845717e-02,4.352755383337094663e-01
6.605392543032192476e-01,0.000000000000000000e+00,8.040265062441517721e-05,2.250833061312793384e-02,3.168720124330284271e-01
7.111313575546894805e-01,0.000000000000000000e+00,0.000000000000000000e+00,2.402982854462862999e-02,2.648388139006819242e-01
6.205156364607473662e-01,0.000000000000000000e+00,0.000000000000000000e+00,2.079531231211402195e-02,3.586890512271387332e-01
6.746509366172972477e-01,0.000000000000000000e+00,0.000000000000000000e+00,2.257006214315034759e-02,3.027790012395524255e-01
6.008123543609656947e-01,0.000000000000000000e+00,9.471467898600704170e-05,1.989357759677040996e-02,3.791993533632778135e-01
6.894806550727240468e-01,0.000000000000000000e+00,0.000000000000000000e+00,2.276235407829525770e-02,2.877569908489808759e-01
7.289771068239143670e-01,0.000000000000000000e+00,3.117329315981372858e-04,2.425449607118646683e-02,2.464566641733009766e-01
6.715819015390327440e-01,5.502700849855506624e-04,0.000000000000000000e+00,2.310476051575588788e-02,3.047630678602257781e-01
6.856996524932965631e-01,0.000000000000000000e+00,0.000000000000000000e+00,2.349738719580167501e-02,2.908029603109018590e-01
5.973879225619028732e-01,0.000000000000000000e+00,0.000000000000000000e+00,2.011849694809116074e-02,3.824935804900060354e-01
6.753063704351378593e-01,0.000000000000000000e+00,0.000000000000000000e+00,2.323052975603023818e-02,3.014630998088319580e-01
7.577573584920926919e-01,0.000000000000000000e+00,0.000000000000000000e+00,2.563172132866017167e-02,2.166109201792471572e-01
7.083231848490650906e-01,0.000000000000000000e+00,0.000000000000000000e+00,2.405863585825670017e-02,2.676181792926782266e-01
7.011282061772354801e-01,0.000000000000000000e+00,0.000000000000000000e+00,2.359954450080028326e-02,2.752722493219642019e-01
7.723281198825630023e-01,0.000000000000000000e+00,0.000000000000000000e+00,2.619818000991367898e-02,2.014737001075232181e-01
7.017709453584419776e-01,0.000000000000000000e+00,1.445321127651855945e-03,2.317600684034993447e-02,2.736077266735561508e-01
5.749912759271966767e-01,1.421835676029357780e-02,4.309415169519500034e-04,1.888779308222868214e-02,3.914716327133290208e-01
6.844375284931454306e-01,0.000000000000000000e+00,0.000000000000000000e+00,2.330310039160303492e-02,2.922593711152514651e-01
7.263746133206209210e-01,0.000000000000000000e+00,7.891660140734984424e-04,2.430865061877346064e-02,2.485275700465320037e-01
7.347687929255716233e-01,0.000000000000000000e+00,0.000000000000000000e+00,2.481827790270485848e-02,2.404129291717235772e-01
7.605560362670301666e-01,0.000000000000000000e+00,8.376890473079925611e-04,2.538183350725718365e-02,2.132244411784046945e-01
7.268210598601856365e-01,0.000000000000000000e+00,0.000000000000000000e+00,2.500236403801787272e-02,2.481765761017964422e-01
7.047483289665472661e-01,0.000000000000000000e+00,0.000000000000000000e+00,2.359071217399659123e-02,2.716609588594560143e-01
7.042179355565091337e-01,1.183644114278140308e-03,1.898850194557113904e-04,2.368185913769813716e-02,2.707266761720588111e-01
7.102405699508740344e-01,0.000000000000000000e+00,0.000000000000000000e+00,2.343891216306975486e-02,2.663205178860560962e-01
6.753284688149661097e-01,1.188358034299592456e-02,0.000000000000000000e+00,2.240793987566293277e-02,2.903800109663750573e-01
7.400196132670756599e-01,0.000000000000000000e+00,1.094735285426416471e-04,2.489303851304546997e-02,2.349778746913362693e-01
6.375763610777672730e-01,0.000000000000000000e+00,0.000000000000000000e+00,2.121617746595231419e-02,3.412074614562802255e-01
6.649691997771424168e-01,0.000000000000000000e+00,0.000000000000000000e+00,2.264762545932860402e-02,3.123831747635288369e-01
7.101037366120449557e-01,0.000000000000000000e+00,0.000000000000000000e+00,2.354289539973878839e-02,2.663533679882162386e-01
7.008555972418792912e-01,0.000000000000000000e+00,0.000000000000000000e+00,2.341256693968500266e-02,2.757318358184355778e-01
7.186568844226570718e-01,6.261280940877791620e-03,1.555227559775093854e-04,2.444746020848553511e-02,2.504788516720019564e-01
6.676881700567911526e-01,0.000000000000000000e+00,5.769827319924808158e-04,2.213619585062411022e-02,3.095986513605922252e-01
6.764875654708347730e-01,0.000000000000000000e+00,0.000000000000000000e+00,2.284587126593336931e-02,3.006665632632318785e-01
6.698907381756431523e-01,0.000000000000000000e+00,0.000000000000000000e+00,2.257263275582834655e-02,3.075366290685284665e-01
6.543847275168855893e-01,0.000000000000000000e+00,0.000000000000000000e+00,2.187099632524314163e-02,3.237442761578714356e-01
7.116694413761286420e-01,0.000000000000000000e+00,0.000000000000000000e+00,2.382000764571764323e-02,2.645105509781535136e-01
6.490548006049075003e-01,0.000000000000000000e+00,0.000000000000000000e+00,2.166572021675530410e-02,3.292794791783372199e-01
6.709099722763447460e-01,0.000000000000000000e+00,0.000000000000000000e+00,2.262254084031501550e-02,3.064674868833403010e-01
6.594921213783478953e-01,5.407855228044609712e-04,1.348756019349936963e-04,2.204960892588345503e-02,3.177826085710292459e-01
6.492300657957228438e-01,2.381325859393752017e-04,0.000000000000000000e+00,2.132398959056801616e-02,3.292078120277698305e-01
7.207963566451754955e-01,0.000000000000000000e+00,0.000000000000000000e+00,2.465965888869216943e-02,2.545439844661324669e-01
6.913147046124209494e-01,9.986255882354463237e-03,0.000000000000000000e+00,2.274552349453563133e-02,2.759535160106889595e-01
6.688881835000314302e-01,0.000000000000000000e+00,9.085073299828497683e-04,2.211425842472672723e-02,3.080890507452589411e-01
6.687429863481962888e-01,0.000000000000000000e+00,7.515711872050683190e-04,2.239745570816983541e-02,3.081079867564288643e-01
7.417450932668429031e-01,3.255793286823100742e-03,0.000000000000000000e+00,2.505956008392221795e-02,2.299395533624117582e-01
6.532675842871548122e-01,0.000000000000000000e+00,0.000000000000000000e+00,2.172921632003350229e-02,3.250031993928116369e-01
6.417880319911383191e-01,0.000000000000000000e+00,2.274264730470205390e-03,2.144899466586115688e-02,3.344887086125303832e-01
6.328180521045820850e-01,0.000000000000000000e+00,2.061352736710223444e-03,2.104173083602445607e-02,3.440788643226833088e-01
6.628758045059669479e-01,0.000000000000000000e+00,1.751176463311807660e-03,2.236193695629638128e-02,3.130110820744250177e-01
6.445161358523919803e-01,2.445774578132005328e-03,0.000000000000000000e+00,2.189020546330374198e-02,3.311478841061724077e-01
6.748890664157002339e-01,0.000000000000000000e+00,0.000000000000000000e+00,2.282880903736658404e-02,3.022821245469332063e-01
7.233187235676324933e-01,0.000000000000000000e+00,0.000000000000000000e+00,2.448046883367503701e-02,2.522008075986925113e-01
7.739902875702486806e-01,0.000000000000000000e+00,0.000000000000000000e+00,2.613869749380084290e-02,1.998710149359504140e-01
7.425069923953125928e-01,0.000000000000000000e+00,0.000000000000000000e+00,2.491910671326684826e-02,2.325739008914206873e-01
6.811570187945614752e-01,0.000000000000000000e+00,0.000000000000000000e+00,2.270318941917998101e-02,2.961397917862585993e-01
6.122745521555201798e-01,0.000000000000000000e+00,0.000000000000000000e+00,2.068324913256434569e-02,3.670421987119154017e-01
7.780531716715622936e-01,0.000000000000000000e+00,6.729138188164642573e-05,2.680474184043153338e-02,1.950747951061245489e-01
7.178283804987130035e-01,0.000000000000000000e+00,0.000000000000000000e+00,2.416239374532452855e-02,2.580092257559625235e-01
6.065901227830932108e-01,1.555500626000136215e-02,0.000000000000000000e+00,2.012878135617022016e-02,3.577260896007350977e-01
5.668927493772981663e-01,0.000000000000000000e+00,0.000000000000000000e+00,1.955390045041157168e-02,4.135533501722902794e-01
6.566419174859388086e-01,0.000000000000000000e+00,0.000000000000000000e+00,2.175231889566376503e-02,3.216057636183975443e-01
5.227296270156835956e-01,0.000000000000000000e+00,0.000000000000000000e+00,1.785475510163967577e-02,4.594156178826767634e-01
7.499654238867027312e-01,0.000000000000000000e+00,1.163796938589809534e-03,2.511702264599013565e-02,2.237537565287174013e-01
7.145712197881864958e-01,8.494730396039157014e-03,4.690450028669570712e-04,2.387825033203624936e-02,2.525867544808710341e-01
6.954923435785562713e-01,0.000000000000000000e+00,0.000000000000000000e+00,2.379303172396335028e-02,2.807146246974803194e-01
6.898656389031244673e-01,0.000000000000000000e+00,0.000000000000000000e+00,2.293484415249985933e-02,2.871995169443756213e-01
6.473126980349480641e-01,1.257714785169000531e-02,0.000000000000000000e+00,2.171291441668132469e-02,3.183972396966807672e-01
6.770625276611519361e-01,0.000000000000000000e+00,0.000000000000000000e+00,2.330758542312698356e-02,2.996298869157210665e-01
6.516493140195084299e-01,8.972397513892478929e-04,0.000000000000000000e+00,2.153264227898703254e-02,3.259208039501152454e-01
6.711840537739434120e-01,0.000000000000000000e+00,0.000000000000000000e+00,2.297424186735211316e-02,3.058417043587044470e-01
7.016528554626787484e-01,0.000000000000000000e+00,0.000000000000000000e+00,2.330639045372453338e-02,2.750407540835967390e-01
6.846080100369835719e-01,6.895934458438535662e-03,0.000000000000000000e+00,2.327952516031980140e-02,2.852165303442580346e-01
5.995851227429537245e-01,0.000000000000000000e+00,0.000000000000000000e+00,2.028357885236743013e-02,3.801312984046787413e-01
6.615983169873611569e-01,0.000000000000000000e+00,0.000000000000000000e+00,2.193156315666800263e-02,3.164701198559707884e-01
6.825159837342106295e-01,0.000000000000000000e+00,0.000000000000000000e+00,2.287456198185827683e-02,2.946094542839310937e-01
6.657673927212885978e-01,0.000000000000000000e+00,0.000000000000000000e+00,2.231408084457969440e-02,3.119185264341315378e-01
6.493040921638222329e-01,0.000000000000000000e+00,0.000000000000000000e+00,2.154802915566507784e-02,3.291478786805125401e-01
7.348323189491546836e-01,0.000000000000000000e+00,2.262165711910210804e-04,2.474705171814395657e-02,2.401944127615101843e-01
7.385868850293315635e-01,0.000000000000000000e+00,0.000000000000000000e+00,2.546097000760583901e-02,2.359521449630627155e-01
7.265067293826477091e-01,0.000000000000000000e+00,1.010556001405467884e-03,2.368242506688668716e-02,2.488002895490601940e-01
6.622757363127811381e-01,0.000000000000000000e+00,0.000000000000000000e+00,2.229876764677171663e-02,3.154254960404471175e-01
6.774843454361065831e-01,0.000000000000000000e+00,0.000000000000000000e+00,2.273302312834800734e-02,2.997826314355453436e-01
6.011766180592924558e-01,0.000000000000000000e+00,0.000000000000000000e+00,2.050056246883046052e-02,3.783228194718770143e-01
5.848151380506305674e-01,1.965536786354218923e-04,0.000000000000000000e+00,1.945968390561322522e-02,3.955286243651208178e-01
7.402683084825650850e-01,0.000000000000000000e+00,0.000000000000000000e+00,2.502411938776411687e-02,2.347075721296707496e-01
7.033460713591670466e-01,0.000000000000000000e+00,4.023115085517965715e-04,2.381064919718434841e-02,2.724409679350966451e-01
6.240525038325730467e-01,0.000000000000000000e+00,0.000000000000000000e+00,2.092013112790934784e-02,3.550273650395175951e-01
6.743948916989153108e-01,0.000000000000000000e+00,0.000000000000000000e+00,2.296895556999505733e-02,3.026361527310896804e-01
