# DNRN, Denitrification, Anammox, Nitrite Oxidation, CaCO3 Dissolution 
8.775712138853962729e-01,0.000000000000000000e+00,2.898320178462442543e-03,2.766045839931748768e-02,9.187000753682388055e-02
8.250727784348217408e-01,0.000000000000000000e+00,2.344533647110064959e-03,2.649579794717946829e-02,1.460868899708886448e-01
8.527962020338697435e-01,0.000000000000000000e+00,5.504931920262680529e-03,2.617030455797827310e-02,1.155285614878891892e-01
8.821211920004907725e-01,2.001631552356259239e-02,3.109903172413865970e-03,2.758612155452789746e-02,6.716646774900478234e-02
7.366242231614226199e-01,0.000000000000000000e+00,1.844337680166741652e-03,2.238021374243081424e-02,2.391512254159797179e-01
8.923853132811941924e-01,0.000000000000000000e+00,1.234572729363679448e-03,2.814017443263365850e-02,7.823993955680841328e-02
7.134313675171197744e-01,2.185736313389097588e-02,2.252503740547121772e-03,2.212956446065198271e-02,2.403292011477902168e-01
9.053448002586238497e-01,0.000000000000000000e+00,2.844117728025149453e-03,2.834793630056388000e-02,6.346314571278716121e-02
7.806153576728698251e-01,0.000000000000000000e+00,0.000000000000000000e+00,2.423378203037103093e-02,1.951508602967591266e-01
9.149699607245456168e-01,0.000000000000000000e+00,3.723605348789307172e-04,2.885520757762245411e-02,5.580247116295315030e-02
7.845414190808888133e-01,0.000000000000000000e+00,4.506682040555836169e-03,2.443374155147683482e-02,1.865181573270784932e-01
8.318802949068908603e-01,0.000000000000000000e+00,4.024965682931549993e-03,2.721179925927343438e-02,1.368829401509041033e-01
8.643079858123228210e-01,0.000000000000000000e+00,2.337765213391451973e-03,2.717489850455073047e-02,1.061793504697349788e-01
8.964789747556624055e-01,0.000000000000000000e+00,9.844404624790342902e-04,2.854038085823812007e-02,7.399620392362049603e-02
8.397937831516351093e-01,0.000000000000000000e+00,1.492407644498195817e-04,2.795830479245550032e-02,1.320986712914596073e-01
7.541039069204368284e-01,5.982994657816685657e-02,0.000000000000000000e+00,2.352966673324660002e-02,1.625364797681497775e-01
7.926565935228372384e-01,0.000000000000000000e+00,5.639050833151700460e-04,2.656493319890526270e-02,1.802145681949423039e-01
8.604854388905177620e-01,1.420246255231008906e-02,3.487928502092539369e-03,2.724214786890133758e-02,9.458202218617837997e-02
8.504104427295264834e-01,0.000000000000000000e+00,1.190492837631601259e-03,2.783150880131603916e-02,1.205675556315258939e-01
8.219467598318365154e-01,0.000000000000000000e+00,2.749575968090791321e-03,2.434390807888871244e-02,1.509597561211838412e-01
8.618165945966658192e-01,0.000000000000000000e+00,5.498803120011171164e-03,2.733584818928724153e-02,1.053487540940356432e-01
9.073498866109820371e-01,0.000000000000000000e+00,1.604256632955844506e-03,2.895915492009389081e-02,6.208670183596819853e-02
8.530868905607967845e-01,0.000000000000000000e+00,4.191350872905912420e-03,2.713209289242450584e-02,1.155896656738727296e-01
8.130953372137156299e-01,0.000000000000000000e+00,9.116804977220553012e-04,2.573609049768965651e-02,1.602568917908727131e-01
7.787018366693240212e-01,5.797091407434039508e-03,2.157196402279709657e-03,2.455345807472866099e-02,1.887904174462335105e-01
7.435638729573471606e-01,6.327892931434653256e-02,0.000000000000000000e+00,2.462648330075952602e-02,1.685307144275466351e-01
9.190440984186165618e-01,0.000000000000000000e+00,1.783633203730833003e-04,3.050548044733187789e-02,5.027205781367832110e-02
8.507620353801902402e-01,1.786117389193073862e-02,0.000000000000000000e+00,2.719752259216308768e-02,1.041792681357158329e-01
6.638802511308755649e-01,3.704753329729070649e-02,9.598025702452131882e-04,2.119120660890233890e-02,2.769212063926862477e-01
8.591876318843558735e-01,4.628277076047382366e-02,1.322585831396491402e-03,2.817509641127435849e-02,6.503191511249949153e-02
8.404103872342417736e-01,0.000000000000000000e+00,0.000000000000000000e+00,2.662460151121599089e-02,1.329650112545421592e-01
8.214710089170171869e-01,6.695304311240735107e-02,0.000000000000000000e+00,2.586431474262140123e-02,8.571163322795409545e-02
8.527524627701428273e-01,0.000000000000000000e+00,1.634785969340205687e-03,2.821340269911930265e-02,1.173993485613976928e-01
7.770208551733600588e-01,4.749781065026729976e-02,0.000000000000000000e+00,2.549244746379568383e-02,1.499888867125770131e-01
7.456416949971443886e-01,8.051667151122661459e-02,0.000000000000000000e+00,2.439430951928738683e-02,1.494473239723415892e-01
8.369331476494779043e-01,6.716893667715718996e-02,0.000000000000000000e+00,2.516439661275095968e-02,7.073351906061391137e-02
7.065249433514767530e-01,0.000000000000000000e+00,2.467544010162272834e-03,2.206029527449177366e-02,2.689472173638693397e-01
8.567185198544553515e-01,0.000000000000000000e+00,4.533075587490490409e-03,2.629363114898577297e-02,1.124547734090682871e-01
8.002934981138092319e-01,0.000000000000000000e+00,2.525501007330514976e-03,2.475010353251945114e-02,1.724308973463409000e-01
6.535732992322959012e-01,8.685398202839456072e-02,7.579240409826338339e-04,2.015295592839137437e-02,2.386618387699354638e-01
7.851611927028769866e-01,0.000000000000000000e+00,5.330090981302618158e-03,2.502364307216527542e-02,1.844850732436551233e-01
8.047815806858200638e-01,0.000000000000000000e+00,3.621132812579333244e-03,2.609312128796785826e-02,1.655041652136327868e-01
9.560222483327289744e-01,3.830017901624741244e-03,0.000000000000000000e+00,3.101650461002123174e-02,9.131229155625008795e-03
8.545116473404889001e-01,0.000000000000000000e+00,4.051772679639565472e-03,2.700377552557889707e-02,1.144328044542926859e-01
7.518114378175715373e-01,1.064370848913611389e-01,0.000000000000000000e+00,2.382762627956494864e-02,1.179238510115023786e-01
7.420615338040906783e-01,0.000000000000000000e+00,4.989484265570425653e-03,2.348915654265499101e-02,2.294598253876837524e-01
8.186917431770203146e-01,0.000000000000000000e+00,4.033645413058643478e-03,2.601335145736654100e-02,1.512612599525545443e-01
8.104557553312280449e-01,0.000000000000000000e+00,2.736829305666935424e-03,2.651387177611588472e-02,1.602935435869892455e-01
7.574480029272595560e-01,1.032725755117937516e-01,7.025928349954662549e-04,2.227057796265909453e-02,1.163062507632922210e-01
9.172481952721098786e-01,0.000000000000000000e+00,3.938271526296006041e-04,2.935668329338401647e-02,5.300129428187648484e-02
7.435202477464358806e-01,0.000000000000000000e+00,6.612871053547698594e-03,2.268274168346477715e-02,2.271841395165516420e-01
6.702532768664870577e-01,0.000000000000000000e+00,2.541774348961723783e-03,2.062883317387557286e-02,3.065761156106757146e-01
8.834197911288282912e-01,8.694601227994123993e-02,1.220814843925360337e-03,2.841338174730497282e-02,0.000000000000000000e+00
7.479085910881548838e-01,0.000000000000000000e+00,3.323096221391904585e-03,2.299218776442097517e-02,2.257761249260322178e-01
8.231045755829822230e-01,0.000000000000000000e+00,3.756321835381945008e-03,2.606581817350110339e-02,1.470732844081347745e-01
7.743865081837004727e-01,0.000000000000000000e+00,2.580433498072776631e-03,2.504237268757775192e-02,1.979906856306489493e-01
7.562458366502506912e-01,0.000000000000000000e+00,1.675147403523215370e-03,2.290125748664941993e-02,2.191777584595765715e-01
7.900577035475410126e-01,0.000000000000000000e+00,5.831249867371815152e-03,2.436835513363746694e-02,1.797426914514497764e-01
8.244579079141345357e-01,0.000000000000000000e+00,0.000000000000000000e+00,2.580518341330224549e-02,1.497369086725631182e-01
9.646193653073416030e-01,0.000000000000000000e+00,4.468693448620150721e-03,3.091194124403825322e-02,0.000000000000000000e+00
7.658430897351660160e-01,0.000000000000000000e+00,3.002452910280758395e-03,2.395864549607241989e-02,2.071958118584809050e-01
9.518647192529062773e-01,0.000000000000000000e+00,3.981971058732399968e-03,2.980332180082632260e-02,1.434998788753509558e-02
7.636244111500748444e-01,0.000000000000000000e+00,0.000000000000000000e+00,2.494276743786405515e-02,2.114328214120611282e-01
7.382686316620259426e-01,0.000000000000000000e+00,4.921481987049771897e-03,2.267079070910201291e-02,2.341390956418221148e-01
9.529490732003582654e-01,0.000000000000000000e+00,2.714868777380182417e-03,3.056734697104666887e-02,1.376871105121472809e-02
7.965631168740437973e-01,0.000000000000000000e+00,4.701600112557404593e-03,2.412202989945264400e-02,1.746132531139462929e-01
6.727606240750692024e-01,0.000000000000000000e+00,0.000000000000000000e+00,2.096269233165413276e-02,3.062766835932765885e-01
7.694103878221565385e-01,0.000000000000000000e+00,2.991359895614229773e-03,2.441575099717626166e-02,2.031825012850528855e-01
7.095981021757791218e-01,0.000000000000000000e+00,5.087027713091901542e-03,2.116680167038462179e-02,2.641480684407443436e-01
7.665429694225234236e-01,0.000000000000000000e+00,7.539172776200080139e-03,2.310159817891128606e-02,2.028162596223654079e-01
9.203903893791961499e-01,0.000000000000000000e+00,4.958964594780028781e-03,2.859517315731691101e-02,4.605547286870686347e-02
7.713537386696136533e-01,0.000000000000000000e+00,6.912172353199620006e-03,2.449096971481855983e-02,1.972431192623681218e-01
8.088687222802951604e-01,4.205584420266738135e-03,3.283787093915810709e-03,2.659908453631604566e-02,1.570428216692063283e-01
7.604862684857839339e-01,0.000000000000000000e+00,2.711562657761488766e-03,2.419458094501786283e-02,2.126075879114366629e-01
8.349893741422316218e-01,0.000000000000000000e+00,5.207412110545916843e-03,2.571976470732059358e-02,1.340834490399016865e-01
7.363022197270671088e-01,0.000000000000000000e+00,5.138442977378425598e-03,2.463200151766328436e-02,2.339273357778911266e-01
8.565416856467401585e-01,0.000000000000000000e+00,3.327611191662775778e-03,2.632840966415373948e-02,1.138022934974433770e-01
7.276194564848537105e-01,6.482774438389510285e-02,0.000000000000000000e+00,2.263900320889697740e-02,1.849137959223542405e-01
8.311233002965456862e-01,0.000000000000000000e+00,2.512311379462532288e-03,2.730478751106705723e-02,1.390596008129247330e-01
8.320795250571322299e-01,0.000000000000000000e+00,4.321630995753689489e-03,2.551612106599301238e-02,1.380827228811210006e-01
7.696311729699257809e-01,0.000000000000000000e+00,3.448401316817908523e-03,2.419179805180553949e-02,2.027286276614507499e-01
9.290310073794222356e-01,0.000000000000000000e+00,2.251721084521777095e-03,2.975582804077937793e-02,3.896144349527659589e-02
6.715284430086866374e-01,3.797733807526125493e-02,0.000000000000000000e+00,2.162316837691600352e-02,2.688710505391361250e-01
8.236501034256477061e-01,0.000000000000000000e+00,3.469632336996095797e-03,2.567299544907477443e-02,1.472072687882814146e-01
8.326765358743883905e-01,9.121811923928235810e-02,4.140132267150753377e-04,2.619366785647111659e-02,4.949766380314293140e-02
7.812886331372507209e-01,0.000000000000000000e+00,3.050826372889361721e-03,2.312758254833453819e-02,1.925329579415252512e-01
7.143172142078414444e-01,0.000000000000000000e+00,3.422064621491536021e-03,2.190843059722361388e-02,2.603522905734432791e-01
8.974927415170173006e-01,1.956142105634954553e-02,1.213705967096010514e-03,2.904306690653616491e-02,5.268906455300112479e-02
7.278028221985693991e-01,0.000000000000000000e+00,3.709404744315612963e-03,2.331908439814428871e-02,2.451686886589706238e-01
8.939033712433513967e-01,0.000000000000000000e+00,4.243540343910025096e-03,2.827536499654448657e-02,7.357772341619414624e-02
7.564850079080788214e-01,0.000000000000000000e+00,4.150243633615255390e-03,2.307637903304784674e-02,2.162883694252580591e-01
8.301868323027649099e-01,0.000000000000000000e+00,4.417750939539207521e-03,2.593537300124289582e-02,1.394600437564530726e-01
7.864402421222782547e-01,0.000000000000000000e+00,2.991942125512909133e-03,2.663957461262551549e-02,1.839282411395833372e-01
8.253246189436855840e-01,7.523035828579776804e-03,4.550849542498017902e-03,2.768644259237815208e-02,1.349150530928583946e-01
8.688080555759414292e-01,0.000000000000000000e+00,0.000000000000000000e+00,2.800615061673248155e-02,1.031857938073261205e-01
7.978940250465110795e-01,0.000000000000000000e+00,4.663085080796972384e-03,2.455271961527409966e-02,1.728901702574177357e-01
7.485392904541383619e-01,7.430522093084089563e-02,0.000000000000000000e+00,2.275982039627000297e-02,1.543956682187506146e-01
8.887718883339810194e-01,5.026854568766019743e-02,0.000000000000000000e+00,2.769485982058745785e-02,3.326470615777132184e-02
7.507343218144370001e-01,5.008122691955646522e-02,0.000000000000000000e+00,2.368143136328205653e-02,1.755030199027246274e-01
8.425562540432782743e-01,0.000000000000000000e+00,5.709307549273494146e-03,2.652513900808287431e-02,1.252092993993653980e-01
8.722110580511621691e-01,4.227335541377810757e-02,0.000000000000000000e+00,2.739165592241783048e-02,5.812393061264198302e-02
7.680705529969927836e-01,0.000000000000000000e+00,4.373550272152765955e-03,2.412502824288457678e-02,2.034308684879700124e-01
7.690105564628803014e-01,7.838671471153881021e-02,1.143655137556262916e-04,2.432742054936554849e-02,1.281609427624597064e-01
9.180099268414857461e-01,3.844637267125551594e-02,0.000000000000000000e+00,3.002114437390226986e-02,1.352255611335642649e-02
8.699236449803913196e-01,0.000000000000000000e+00,6.226862153611917132e-03,2.676692285610071664e-02,9.708257000989602148e-02
8.105375897794923068e-01,0.000000000000000000e+00,6.067377922178813013e-03,2.560644686475731929e-02,1.577885854335715488e-01
8.046229474432566864e-01,0.000000000000000000e+00,4.467699996674697090e-03,2.531536251610405283e-02,1.655939900439644674e-01
8.698142678131222105e-01,0.000000000000000000e+00,3.050224277759777235e-03,2.899092155083231315e-02,9.814458635828569866e-02
8.053990384384063228e-01,0.000000000000000000e+00,0.000000000000000000e+00,2.534551713886675980e-02,1.692554444227267751e-01
8.139257218339190914e-01,0.000000000000000000e+00,1.684256778953005908e-03,2.612999473086107319e-02,1.582600266562668445e-01
8.394678970347713154e-01,0.000000000000000000e+00,2.603560246910266527e-03,2.707036986352088018e-02,1.308581728547975331e-01
8.999087706559527611e-01,0.000000000000000000e+00,3.323981702974945773e-03,2.834081520992793105e-02,6.842643243114437945e-02
6.577818721978899719e-01,0.000000000000000000e+00,2.933642441210981573e-03,2.153417047380338720e-02,3.177503148870954863e-01
8.742089463415212425e-01,0.000000000000000000e+00,5.708527985928949292e-03,2.827086465999422218e-02,9.181166101255568146e-02
7.885171189687161242e-01,0.000000000000000000e+00,0.000000000000000000e+00,2.598968696804834430e-02,1.854931940632355558e-01
6.881866447186204550e-01,7.067287766294901019e-02,0.000000000000000000e+00,2.071571928371772342e-02,2.204247583347128392e-01
7.621034825686556768e-01,1.602344407899333051e-02,0.000000000000000000e+00,2.472590621729708546e-02,1.971471671350537580e-01
7.665040261365525520e-01,0.000000000000000000e+00,0.000000000000000000e+00,2.498351633543120440e-02,2.085124575280161707e-01
9.089395463668797914e-01,0.000000000000000000e+00,6.336964807135938432e-03,2.851960272595010018e-02,5.620388610003417690e-02
7.620369197105758552e-01,0.000000000000000000e+00,4.025472215000695624e-03,2.393205252473321401e-02,2.100055555496901927e-01
7.737421375855817463e-01,0.000000000000000000e+00,0.000000000000000000e+00,2.564428988262137249e-02,2.006135725317968743e-01
7.819608143136067557e-01,7.093573466850924825e-02,4.233560909116645390e-04,2.300783604730103488e-02,1.236722588796711625e-01
7.639336728351538985e-01,2.176901027837434277e-02,3.375916371632554230e-03,2.351596480238830889e-02,1.874054357124509407e-01
8.558613024012375892e-01,0.000000000000000000e+00,5.302556638460815402e-03,2.672213682736514564e-02,1.121140041329364151e-01
8.194924558104790258e-01,0.000000000000000000e+00,1.168466863327013777e-03,2.667682029224429166e-02,1.526622570339495333e-01
7.352254708250809401e-01,0.000000000000000000e+00,4.345399806462153791e-03,2.169685534739226526e-02,2.387322740210646166e-01
8.224479176783265899e-01,0.000000000000000000e+00,0.000000000000000000e+00,2.693546663129709612e-02,1.506166156903762376e-01
7.997533538428815980e-01,0.000000000000000000e+00,5.436489290923576974e-03,2.431605243176441708e-02,1.704941044344303880e-01
7.730623798172945316e-01,1.366931214215060496e-02,0.000000000000000000e+00,2.539053992547719504e-02,1.878777681150775036e-01
6.986155170892217603e-01,0.000000000000000000e+00,4.686948257488072339e-03,2.154795096982993138e-02,2.751495836834602637e-01
8.559758736611184915e-01,0.000000000000000000e+00,2.360202341627498472e-03,2.588341683780376323e-02,1.157805071594502355e-01
7.021449450235222045e-01,5.466129286375778079e-02,1.651150382867783910e-04,2.190406141342083127e-02,2.211245856610125071e-01
7.603912962429770772e-01,9.591260157051936450e-03,1.348579669884040306e-03,2.421684169313994064e-02,2.044520222369468898e-01
8.961653195463807897e-01,0.000000000000000000e+00,3.285088025454923136e-03,2.837993709118413754e-02,7.216965533697999868e-02
8.244793472788587430e-01,0.000000000000000000e+00,4.731690460414551304e-03,2.569688715807711896e-02,1.450920751026495426e-01
8.829941475024629671e-01,0.000000000000000000e+00,1.077309337602874511e-03,2.827248502330700561e-02,8.765605813662706580e-02
8.127174791516238450e-01,0.000000000000000000e+00,7.734840515565958620e-03,2.514579564706616657e-02,1.544018846857440896e-01
8.518486464813724846e-01,0.000000000000000000e+00,4.527821021521951338e-03,2.709472953878361290e-02,1.165288029583218810e-01
7.290114214157401573e-01,5.082307518037369048e-02,0.000000000000000000e+00,2.252870755314683934e-02,1.976367958507394273e-01
8.484086349850514797e-01,0.000000000000000000e+00,1.454544592185811345e-03,2.758007985948894569e-02,1.225567405632736889e-01
7.949092506471223674e-01,0.000000000000000000e+00,2.626253461574884051e-03,2.557384650313585667e-02,1.768906493881670094e-01
7.855313123105729378e-01,4.232280223812622671e-02,0.000000000000000000e+00,2.550317753696747583e-02,1.466427079143333700e-01
8.670786054486875338e-01,6.882014557647363716e-03,3.332900672054921448e-03,2.782876252114311819e-02,9.487771680046704070e-02
8.247084766207725126e-01,0.000000000000000000e+00,4.227407028863918066e-03,2.553291031715338930e-02,1.455312060332100976e-01
7.780883673203776718e-01,2.681800863120351389e-02,4.457773075857642160e-03,2.499522190740113142e-02,1.656406290651600832e-01
8.095690208383211628e-01,0.000000000000000000e+00,2.178645402898874307e-03,2.649245737245551138e-02,1.617598763863243583e-01
7.896826062969845017e-01,2.118384310904128723e-02,0.000000000000000000e+00,2.456218966091210446e-02,1.645713609330620442e-01
7.729565783332297269e-01,0.000000000000000000e+00,1.772273568345535772e-03,2.502258288934550504e-02,2.002485652090791046e-01
8.084307562705268513e-01,0.000000000000000000e+00,3.597142161169064427e-03,2.506167257501086890e-02,1.629104289932931660e-01
8.199034631931984007e-01,0.000000000000000000e+00,2.939254094462434054e-03,2.535627774092468617e-02,1.518010049714144938e-01
8.162420164872974393e-01,0.000000000000000000e+00,3.229319465085227735e-03,2.708419317327405776e-02,1.534444708743432639e-01
7.987284476661460353e-01,0.000000000000000000e+00,4.693865374850527544e-03,2.515768758941464706e-02,1.714199993695887936e-01
8.084482973466007305e-01,0.000000000000000000e+00,5.486004132050236251e-03,2.511690549347047122e-02,1.609487930278785117e-01
7.688725944243786081e-01,4.175916588671964302e-02,5.190503949700437172e-04,2.370707370896099966e-02,1.651421155849707167e-01
7.538800317518761229e-01,0.000000000000000000e+00,7.463783007939346972e-03,2.334295252392427217e-02,2.153132327162602389e-01
8.257969243959988326e-01,0.000000000000000000e+00,3.560025851174786985e-03,2.578615599949180687e-02,1.448568937533344370e-01
8.170886316074906786e-01,0.000000000000000000e+00,3.385610663608115342e-03,2.653996161682751348e-02,1.529857961120736631e-01
8.842253707551064323e-01,0.000000000000000000e+00,3.556967442903972466e-03,2.831502197816898603e-02,8.390263982382054064e-02
8.330116722138816154e-01,0.000000000000000000e+00,5.155350813446634220e-03,2.690851751052675267e-02,1.349244594621450410e-01
8.208196823052431590e-01,1.927778292846993313e-02,0.000000000000000000e+00,2.715105683981529697e-02,1.327514779264716283e-01
7.625674657552325986e-01,0.000000000000000000e+00,5.315087726603174082e-05,2.520466274347647750e-02,2.121747206240248984e-01
8.343167103353829051e-01,0.000000000000000000e+00,6.131539175030163193e-03,2.594540503024179989e-02,1.336063454593450772e-01
8.410132241854811896e-01,0.000000000000000000e+00,1.875522767356300156e-03,2.697873950190461320e-02,1.301325135452578441e-01
8.086149698864227853e-01,0.000000000000000000e+00,2.664556135720056937e-03,2.585623211532276505e-02,1.628642418625344812e-01
7.529328815804033903e-01,6.452833913274742816e-02,0.000000000000000000e+00,2.297153220858195316e-02,1.595672470782671659e-01
8.844858570477377446e-01,0.000000000000000000e+00,1.141593208967796617e-03,2.864815699978044000e-02,8.572439274351391358e-02
8.432186550231016708e-01,0.000000000000000000e+00,6.219211289744343632e-03,2.661698706420994806e-02,1.239451466229441190e-01
8.374898269126481720e-01,1.778395830400513952e-02,6.600623634067343893e-04,2.663821996311022122e-02,1.174279324568298644e-01
7.565141617971569143e-01,0.000000000000000000e+00,1.468668361416697635e-04,2.353973255476409301e-02,2.197992388119373308e-01
9.622746543752773718e-01,0.000000000000000000e+00,1.361748646030401782e-04,3.119797205425794279e-02,6.391198705861756910e-03
7.246522598929092673e-01,0.000000000000000000e+00,3.918641990491297106e-03,2.158952677639528264e-02,2.498395713402041529e-01
9.016893580966807153e-01,0.000000000000000000e+00,0.000000000000000000e+00,2.798838822616387875e-02,7.032225367715556896e-02
7.348520537041892675e-01,0.000000000000000000e+00,2.427493653560364433e-03,2.256266193872506071e-02,2.401577907035253034e-01
8.299203845188818374e-01,0.000000000000000000e+00,1.447738402069279843e-03,2.618303423865635249e-02,1.424488428403925810e-01
8.477368600331877113e-01,0.000000000000000000e+00,3.866544812487702522e-03,2.591427154659954255e-02,1.224823236077249716e-01
8.688426179446382402e-01,6.087845004693310386e-02,0.000000000000000000e+00,2.754546554588541835e-02,4.273346646254316122e-02
8.027200385434599683e-01,0.000000000000000000e+00,2.812820384373598435e-04,2.658764737581446186e-02,1.704110320422883296e-01
9.256607113064243553e-01,2.917492260235510573e-02,3.738504571796712108e-03,3.022627554303255679e-02,1.119958597639098344e-02
7.775487068156451409e-01,0.000000000000000000e+00,1.060008505563408065e-03,2.441343983458446956e-02,1.969778448442070784e-01
8.063013689297163777e-01,4.478130542046282470e-02,0.000000000000000000e+00,2.588249686769691221e-02,1.230348287821238645e-01
6.969295508456991861e-01,4.031681753193695761e-02,0.000000000000000000e+00,2.219755918015995852e-02,2.405560724422038665e-01
7.862122401886617595e-01,0.000000000000000000e+00,6.208726786109951571e-04,2.522605561872268143e-02,1.879408315140045083e-01
8.045100186160365485e-01,1.340754213128293043e-02,2.749704211115527788e-03,2.585496057591936403e-02,1.534777744656455056e-01
7.674322338482699735e-01,0.000000000000000000e+00,0.000000000000000000e+00,2.351572308393830649e-02,2.090520430677917652e-01
7.947282288656591920e-01,0.000000000000000000e+00,5.867092935727923064e-04,2.637789032954267893e-02,1.783071715112254096e-01
7.202111823189604189e-01,9.601039288072765743e-02,0.000000000000000000e+00,2.187998048774942444e-02,1.618984443125624506e-01
8.063420295963518170e-01,0.000000000000000000e+00,2.734543537560205420e-03,2.560991649264691278e-02,1.653135103734411082e-01
8.569654301960337728e-01,7.888524186978609909e-02,0.000000000000000000e+00,2.549341792481651589e-02,3.865591000936369204e-02
8.660554524194782333e-01,1.928853441973775798e-02,0.000000000000000000e+00,2.766066062685434979e-02,8.699535253392970402e-02
7.747867597414079821e-01,1.570932136801238971e-02,3.617005026871814629e-03,2.393505029878898252e-02,1.819518635649187144e-01
9.330111244590633124e-01,0.000000000000000000e+00,7.878444478153156030e-03,2.902624282077708590e-02,3.008418824200633293e-02
9.090420304288064912e-01,0.000000000000000000e+00,1.169108584186665054e-03,2.994022290098911562e-02,5.984863808601777885e-02
9.023616403158770671e-01,0.000000000000000000e+00,2.169610608382415828e-03,2.944254072017845475e-02,6.602620835556194390e-02
9.488192751049536744e-01,1.178703667741784304e-02,0.000000000000000000e+00,3.109170794814099595e-02,8.301980269487505698e-03
9.524087274768970879e-01,0.000000000000000000e+00,3.939375344026488888e-03,2.970351522899589147e-02,1.394838195008062977e-02
8.557404957796855838e-01,0.000000000000000000e+00,3.537606393548319798e-03,2.627793123917783469e-02,1.144439665875882084e-01
9.192076860903113378e-01,0.000000000000000000e+00,5.511291177848237632e-03,2.987489369701532005e-02,4.540612903482497964e-02
7.819205686790001719e-01,3.226397617045683591e-02,0.000000000000000000e+00,2.615285902500582779e-02,1.596625961255371262e-01
8.353155971785631850e-01,0.000000000000000000e+00,3.198797660415683263e-03,2.759584569787277078e-02,1.338897594631482946e-01
7.799575451833831163e-01,5.444060294698686159e-02,1.808534583880186050e-03,2.367197117411849391e-02,1.401213461116313785e-01
6.972562793011378712e-01,0.000000000000000000e+00,5.565086904312266901e-03,2.107374649202215650e-02,2.761048873025277461e-01
7.764140172079795343e-01,0.000000000000000000e+00,5.827755368151800279e-03,2.412206116342802131e-02,1.936361662604406675e-01
7.539534846775289845e-01,0.000000000000000000e+00,4.847944824253594930e-03,2.302233894154453661e-02,2.181762315566728727e-01
7.361170096396640883e-01,0.000000000000000000e+00,1.914800006516381541e-03,2.260292237893972433e-02,2.393652679748797529e-01
7.097441474678841677e-01,0.000000000000000000e+00,0.000000000000000000e+00,2.327193614012294798e-02,2.669839163919928704e-01
7.676906963434299014e-01,0.000000000000000000e+00,6.028114089760768261e-04,2.490543060688531554e-02,2.068010616407087721e-01
7.437485806540889977e-01,3.505168437186786251e-02,1.000644950734478743e-03,2.405122579065580371e-02,1.961478642326529021e-01
8.114217828784352493e-01,0.000000000000000000e+00,1.501784569015635756e-03,2.581868654704340058e-02,1.612577460055057699e-01
7.343586064294297389e-01,0.000000000000000000e+00,3.237939523763760669e-03,2.304765214773197429e-02,2.393558018990745995e-01
8.329270145717212470e-01,0.000000000000000000e+00,4.263758285372104724e-03,2.543642852327219345e-02,1.373727986196345008e-01
7.001408356309020142e-01,0.000000000000000000e+00,5.182843393552763640e-03,2.156143419890156968e-02,2.731148867766436394e-01
9.271785413465222225e-01,0.000000000000000000e+00,3.812250014028094325e-03,2.873425454151324818e-02,4.027495409793657721e-02
8.898842313501146295e-01,0.000000000000000000e+00,4.172969614280084595e-03,2.902101035899937176e-02,7.692178867660598440e-02
8.903677331649674231e-01,0.000000000000000000e+00,4.598079144511006168e-03,2.882531576792107114e-02,7.620887192260041021e-02
8.216982523224107826e-01,3.033589423770766125e-02,0.000000000000000000e+00,2.612805367261317874e-02,1.218377997672684399e-01
9.223682301642681658e-01,4.827737860005171938e-02,4.224249299297960563e-04,2.893196630575030695e-02,0.000000000000000000e+00
8.148530088422270001e-01,0.000000000000000000e+00,6.315230305233997601e-03,2.558945259282778897e-02,1.532423082597112185e-01
8.173795457106193263e-01,0.000000000000000000e+00,7.528360916417585480e-03,2.450655351614242430e-02,1.505855398568206049e-01
8.586603055896846470e-01,6.450301763578744629e-02,0.000000000000000000e+00,2.749679705096597093e-02,4.933987972356197738e-02
8.537828854022710967e-01,0.000000000000000000e+00,9.704617276884030695e-04,2.745193177951582228e-02,1.177947210905244541e-01
8.858695398063268778e-01,0.000000000000000000e+00,1.568852152557099469e-03,2.793142556413764910e-02,8.463018247697844110e-02
7.264118200750517840e-01,0.000000000000000000e+00,0.000000000000000000e+00,2.398173252463368585e-02,2.496064474003147349e-01
8.056044526147628781e-01,0.000000000000000000e+00,4.407644759596575368e-03,2.537158383350574670e-02,1.646163187921348692e-01
7.392644345337656686e-01,0.000000000000000000e+00,1.221124408344342578e-03,2.282015642195379945e-02,2.366942846359361974e-01
8.113149968410742208e-01,0.000000000000000000e+00,8.012523410508865310e-03,2.393872093200353005e-02,1.567337588164132156e-01
8.278926072870254060e-01,0.000000000000000000e+00,3.570773087274515048e-03,2.564610845009259593e-02,1.428905111756076374e-01
7.751787840125535789e-01,0.000000000000000000e+00,6.044423100892450801e-03,2.462480109945017551e-02,1.941519917871036005e-01
6.911561674148046786e-01,9.226364202796553948e-02,0.000000000000000000e+00,2.142102556621420031e-02,1.951591649910154325e-01
7.626211004167287033e-01,0.000000000000000000e+00,5.877966175851049094e-03,2.362986200775576973e-02,2.078710713996643478e-01
7.657172988241075506e-01,0.000000000000000000e+00,4.473468894638425383e-03,2.378263854391186871e-02,2.060265937373421119e-01
8.662531364653406341e-01,3.697912137792015459e-03,5.604201135122156147e-03,2.739643824019407162e-02,9.704831202155099479e-02
8.343031584489701835e-01,0.000000000000000000e+00,4.080839287817226817e-03,2.745944802853022421e-02,1.341565542346824791e-01
7.747405895098334883e-01,0.000000000000000000e+00,1.875641567762482802e-03,2.504475119147716103e-02,1.983390177309267977e-01
7.581444445889379269e-01,0.000000000000000000e+00,2.248171139987090693e-03,2.359736967356621321e-02,2.160100145975087371e-01
8.935980021389350325e-01,0.000000000000000000e+00,1.678349704017914916e-03,2.832138512589408783e-02,7.640226303115311979e-02
7.159329703497395725e-01,8.303058035537912163e-02,0.000000000000000000e+00,2.152933380018465931e-02,1.795071154946966951e-01
7.925171111676664326e-01,0.000000000000000000e+00,4.020012931190644449e-03,2.451765450747086725e-02,1.789452213936719993e-01
7.498308010998073758e-01,0.000000000000000000e+00,6.028784610760649226e-03,2.177768340799774230e-02,2.223627308814343784e-01
8.320093857088205480e-01,3.598404868821522551e-02,0.000000000000000000e+00,2.718690163052100289e-02,1.048196639724431195e-01
8.452069234113999130e-01,0.000000000000000000e+00,3.998028778443725104e-03,2.728281393467328619e-02,1.235122338754831572e-01
8.419024064945275221e-01,0.000000000000000000e+00,7.648284460200374755e-04,2.688323298775962059e-02,1.304495320716929085e-01
8.074952754048601022e-01,0.000000000000000000e+00,2.420640973984471145e-03,2.521807766495078040e-02,1.648660059562046254e-01
8.230938338578636104e-01,0.000000000000000000e+00,4.704228882527613023e-03,2.423495691238164440e-02,1.479669803472271061e-01
9.388183650244283918e-01,0.000000000000000000e+00,1.400645440805366009e-03,2.923032505875456516e-02,3.055066447601149926e-02
8.973097901271643861e-01,0.000000000000000000e+00,4.932676849076189120e-03,2.928275325867943368e-02,6.847477976508015152e-02
8.763006352903155438e-01,0.000000000000000000e+00,3.914152147195436131e-03,2.912540448158466855e-02,9.065980808090419452e-02
8.577652978144014728e-01,0.000000000000000000e+00,1.461345045463895848e-03,2.681460218863385842e-02,1.139587549515007764e-01
7.565950661329159388e-01,2.082927414023856560e-02,0.000000000000000000e+00,2.387809670733400183e-02,1.986975630195113307e-01
8.708857123169612136e-01,0.000000000000000000e+00,4.132046868752748021e-03,2.759489680948168724e-02,9.738734400480431042e-02
8.174033607422801495e-01,0.000000000000000000e+00,8.047985205464223881e-04,2.688728775066884583e-02,1.549045529865046844e-01
9.065124998936222589e-01,3.987325256475503232e-02,0.000000000000000000e+00,2.922009880348024752e-02,2.439414873814243351e-02
7.265436811595911148e-01,1.268317322797772873e-01,0.000000000000000000e+00,2.291296542276439682e-02,1.237116211378671421e-01
8.510539605132091401e-01,0.000000000000000000e+00,2.993173145843111907e-03,2.667705695355968021e-02,1.192758093873880348e-01
8.248843929879161596e-01,0.000000000000000000e+00,2.041902121760361295e-03,2.697848272183758778e-02,1.460952221684857499e-01
8.897846766841925881e-01,0.000000000000000000e+00,4.907578031989372203e-03,2.761973114033615742e-02,7.768801414348186496e-02
7.285397691907199436e-01,0.000000000000000000e+00,2.163840726203848240e-04,2.381103512370519662e-02,2.474328116129544675e-01
8.346671956460176567e-01,0.000000000000000000e+00,3.386378854413861061e-03,2.560504941091821390e-02,1.363413760886501569e-01
7.423373709087753847e-01,0.000000000000000000e+00,2.735223744620383750e-03,2.297651173961121063e-02,2.319508936069931138e-01
8.193615468719971373e-01,9.988540870998992294e-03,7.526781377632817127e-03,2.497949011696472266e-02,1.381436407624063167e-01
8.351185550098432220e-01,0.000000000000000000e+00,5.931260746433095719e-04,2.627347926445140411e-02,1.380148396510622044e-01
7.399577725529127292e-01,4.984441912052856027e-02,0.000000000000000000e+00,2.340235378560656318e-02,1.867954545409521161e-01
9.321528894615819238e-01,0.000000000000000000e+00,5.810803015727124265e-03,2.828521427826381426e-02,3.375109324442721048e-02
7.430652686925731665e-01,1.538146651846628021e-02,3.736565496017362886e-03,2.336957153127441553e-02,2.144471277616687155e-01
9.506299521654828499e-01,0.000000000000000000e+00,4.701800265537527416e-04,3.086517037920792628e-02,1.803469742875538420e-02
9.228586767557181991e-01,0.000000000000000000e+00,3.353576459532550940e-03,3.027943633884608646e-02,4.350831044590312141e-02
7.163273826849192449e-01,4.538431729703068518e-02,0.000000000000000000e+00,2.314084534113789587e-02,2.151474546769122365e-01
8.050309421934789267e-01,5.538824926220285022e-02,0.000000000000000000e+00,2.678866097080685044e-02,1.127921475735113727e-01
8.366461851026618657e-01,2.968993405900000396e-02,0.000000000000000000e+00,2.697940665284803349e-02,1.066844741854901107e-01
8.603401252686163625e-01,0.000000000000000000e+00,3.046739014456590461e-04,2.723391905462866150e-02,1.121212817753093755e-01
7.759440433317150720e-01,3.191291450227969062e-02,0.000000000000000000e+00,2.392999941760633187e-02,1.682130427483987389e-01
9.646586623778300451e-01,0.000000000000000000e+00,4.379049281906709223e-03,3.096228834026334975e-02,0.000000000000000000e+00
7.750715393655376317e-01,0.000000000000000000e+00,0.000000000000000000e+00,2.534809025371742228e-02,1.995803703807449148e-01
8.721649732565847080e-01,0.000000000000000000e+00,3.913110153681801794e-04,2.740235595427223739e-02,1.000413597737747629e-01
8.234977327728438823e-01,0.000000000000000000e+00,8.866746564316442319e-04,2.501631416049329010e-02,1.505992784102312410e-01
8.165101277677712099e-01,2.094393189030943278e-02,7.090869975111457370e-03,2.548288931191158152e-02,1.299721810548964407e-01
8.094485155688925238e-01,0.000000000000000000e+00,1.647621741405830330e-03,2.610237645468877279e-02,1.628014862350128933e-01
7.749458129041119081e-01,0.000000000000000000e+00,4.510495019151496143e-03,2.459056270342811074e-02,1.959531293733084989e-01
7.778351715153938306e-01,0.000000000000000000e+00,5.893810988455574313e-04,2.444224266903279735e-02,1.971332047167278778e-01
7.629849769043294261e-01,0.000000000000000000e+00,4.907651883709126563e-03,2.449943987579309562e-02,2.076079313361684497e-01
7.728990083042408532e-01,3.972817967593031407e-02,0.000000000000000000e+00,2.476199449058699709e-02,1.626108175292417801e-01
7.653028971285287252e-01,6.909189478728386402e-02,2.307765276791007194e-04,2.476855246060438026e-02,1.406058790959039406e-01
7.802206869152759072e-01,3.668015010224542211e-02,0.000000000000000000e+00,2.466309417428581841e-02,1.584360688081928037e-01
8.103986583442445157e-01,8.749669416650357467e-02,9.812249900222123726e-04,2.508656271124735590e-02,7.603685978798227496e-02
8.355420708219152282e-01,1.263299933785013741e-02,0.000000000000000000e+00,2.668406301183320548e-02,1.251408668284013648e-01
9.156960387079899899e-01,0.000000000000000000e+00,4.204034930851375195e-04,3.010445258548955991e-02,5.377910521343537420e-02
8.484004777799676322e-01,0.000000000000000000e+00,4.039994520878108751e-03,2.686907095081065427e-02,1.206904567483436386e-01
8.472889523785038790e-01,0.000000000000000000e+00,6.790774745071684326e-03,2.677683057581583398e-02,1.191434423006084986e-01
8.755002477092970192e-01,3.291716840718872644e-03,2.671762873973276831e-03,2.801673460829004134e-02,9.051953796772090055e-02
8.449925320735937051e-01,0.000000000000000000e+00,2.464364463849104663e-03,2.740767967458752202e-02,1.251354237879695741e-01
8.233728547204735015e-01,5.976446653980452273e-02,8.042018172999570351e-04,2.689836837873645428e-02,8.916010854368557059e-02
8.545653009870503025e-01,0.000000000000000000e+00,2.855268382565238818e-03,2.658502212374685633e-02,1.159944085066375169e-01
8.535131719241614290e-01,0.000000000000000000e+00,0.000000000000000000e+00,2.672586204414724789e-02,1.197609660316912156e-01
8.428086789633068010e-01,0.000000000000000000e+00,3.765671538800534519e-03,2.587343619334714351e-02,1.275522133045454976e-01
8.662828939777172943e-01,0.000000000000000000e+00,5.592619032197235392e-03,2.786122508780802462e-02,1.002632619022772731e-01
8.837504108140162851e-01,0.000000000000000000e+00,1.520230100588330869e-03,2.917939774194419980e-02,8.554996134345124736e-02
7.836587889334704071e-01,0.000000000000000000e+00,3.985873889514830737e-03,2.419201896911559596e-02,1.881633182078991384e-01
8.084390478542536895e-01,8.436453948137911940e-03,0.000000000000000000e+00,2.536531756891577047e-02,1.577591806286926523e-01
7.009034553465779416e-01,7.730191053420951142e-02,4.334036255704335730e-04,2.181779362117058918e-02,1.995434368724715579e-01
7.258153716049036142e-01,6.212815184970868487e-02,0.000000000000000000e+00,2.313409201805886536e-02,1.889223845273288183e-01
8.208365387984913886e-01,1.011379861618889736e-01,0.000000000000000000e+00,2.588832467384335340e-02,5.213715036577636075e-02
8.226010518026408702e-01,3.601611188191788937e-02,0.000000000000000000e+00,2.533663297330169747e-02,1.160462033421395117e-01
8.244435931078121227e-01,0.000000000000000000e+00,7.746725193003190131e-04,2.694940266623079700e-02,1.478323317066567999e-01
7.776769663556729606e-01,8.542009815546854068e-02,0.000000000000000000e+00,2.399173335154131115e-02,1.129112021373172153e-01
7.940369322364972948e-01,0.000000000000000000e+00,5.580767511461828118e-03,2.349452025769037042e-02,1.768877799943504026e-01
6.649684262686140768e-01,0.000000000000000000e+00,1.108065265862351540e-03,1.954603575108942309e-02,3.143774727144340586e-01
8.084314464666753075e-01,0.000000000000000000e+00,0.000000000000000000e+00,2.577376287655708600e-02,1.657947906567677487e-01
9.354939121635019728e-01,0.000000000000000000e+00,1.996344235587211354e-03,3.003219905777271270e-02,3.247754454313798306e-02
8.485451464231078544e-01,0.000000000000000000e+00,4.776836121688421942e-03,2.806624718210626312e-02,1.186117702730973417e-01
8.673505571004305192e-01,2.343183571596026138e-02,0.000000000000000000e+00,2.702736538157693436e-02,8.219024180203236829e-02
7.369479034440801213e-01,0.000000000000000000e+00,4.839954717662268632e-03,2.221050087841932100e-02,2.360016409598384435e-01
8.968389642247563964e-01,2.225788656607554511e-02,2.604518074324164555e-03,2.817452927181120226e-02,5.012410186303260101e-02
8.484833695315547875e-01,0.000000000000000000e+00,6.749178491873311821e-03,2.641937381379129771e-02,1.183480781627805206e-01
8.595783507023708747e-01,6.987725388369779578e-02,0.000000000000000000e+00,2.715509074701630277e-02,4.338930466691492960e-02
8.387113119351297108e-01,6.584225178597559458e-02,0.000000000000000000e+00,2.458783062835375594e-02,7.085860565054100113e-02
7.884882698167789972e-01,0.000000000000000000e+00,6.271415189373211359e-03,2.538337825664173722e-02,1.798569367372060690e-01
7.659131734041922934e-01,0.000000000000000000e+00,2.151460198396203550e-03,2.437312125692234904e-02,2.075622451404891822e-01
8.649800282327080314e-01,0.000000000000000000e+00,1.295982728027647492e-03,2.814417750633569498e-02,1.055798115329286552e-01
7.355864327972798655e-01,0.000000000000000000e+00,0.000000000000000000e+00,2.451130391983761744e-02,2.399022632828825274e-01
6.769777685710203219e-01,0.000000000000000000e+00,5.681169298841575420e-03,2.019138429489349476e-02,2.971496778352445411e-01
