# DNRN, Denitrification, Anammox, Nitrite Oxidation, CaCO3 Dissolution 
9.684649716489862614e-01,0.000000000000000000e+00,0.000000000000000000e+00,3.153502835101378715e-02,0.000000000000000000e+00
9.433591810267445421e-01,0.000000000000000000e+00,8.034910575982054728e-03,2.965171868959812218e-02,1.895418970767539027e-02
8.517418927749318414e-01,0.000000000000000000e+00,4.712560982163546859e-03,2.682702482732881796e-02,1.167185214155758433e-01
8.954368916690743641e-01,0.000000000000000000e+00,0.000000000000000000e+00,3.164021462111538813e-02,7.292289370981035190e-02
8.941795809840753506e-01,0.000000000000000000e+00,3.252566558519550191e-03,2.910178509540355812e-02,7.346606736200159138e-02
8.818630928840045513e-01,8.754986900795699856e-02,0.000000000000000000e+00,2.837039298327103179e-02,2.216645124767342885e-03
8.581776679202711700e-01,0.000000000000000000e+00,1.149876902832046993e-02,2.787880609950122573e-02,1.024447569519070095e-01
9.610824703718006123e-01,0.000000000000000000e+00,8.990636638757033144e-03,2.992689298944224349e-02,0.000000000000000000e+00
8.123428698139114612e-01,1.319109127022810753e-02,0.000000000000000000e+00,2.498669789683636774e-02,1.494793410190241312e-01
8.858396976584244076e-01,0.000000000000000000e+00,3.940999733149259769e-03,2.802503399112260193e-02,8.219426861730387557e-02
8.542086498742224032e-01,9.138060339845757718e-02,1.124348612171162561e-03,2.745241715301368485e-02,2.583398096213510020e-02
9.633794697067777912e-01,0.000000000000000000e+00,4.255583603570885394e-03,3.236494668965125138e-02,0.000000000000000000e+00
9.198711495795006687e-01,0.000000000000000000e+00,1.893713467748056210e-03,2.953434389173702906e-02,4.870079306101426225e-02
9.584322057754439683e-01,0.000000000000000000e+00,0.000000000000000000e+00,3.232700632122643969e-02,9.240787903329527805e-03
9.069730836779363869e-01,0.000000000000000000e+00,1.076051518528664628e-03,2.919351232541777391e-02,6.275735247811720097e-02
9.485546713400587748e-01,0.000000000000000000e+00,9.010238687592648024e-03,3.061573920542488836e-02,1.181935076692375124e-02
9.592395041436143632e-01,0.000000000000000000e+00,4.683753861376276431e-03,3.151230793075612824e-02,4.564434064253243377e-03
9.530765056190971807e-01,0.000000000000000000e+00,0.000000000000000000e+00,3.101996856513754286e-02,1.590352581576522442e-02
8.330255060349019969e-01,0.000000000000000000e+00,4.260852734050829538e-03,2.812460975656538853e-02,1.345890314744818683e-01
8.536883718692549472e-01,0.000000000000000000e+00,0.000000000000000000e+00,2.836798554385615984e-02,1.179436425868890248e-01
9.339906216121175442e-01,3.692974373200549193e-02,0.000000000000000000e+00,2.907963465587692919e-02,0.000000000000000000e+00
8.804397212767938186e-01,5.361325918452284484e-02,2.519972566562489295e-03,2.905037034530938769e-02,3.437667662681156283e-02
9.002007492843338010e-01,0.000000000000000000e+00,0.000000000000000000e+00,3.022369231354116170e-02,6.957555840212496789e-02
8.921962226196055168e-01,0.000000000000000000e+00,8.668956701754640740e-03,2.801689921278648424e-02,7.111792146585335650e-02
8.455255617991640493e-01,0.000000000000000000e+00,9.932516726994427073e-03,2.721914968416065672e-02,1.173227717896807992e-01
9.069958048717500221e-01,0.000000000000000000e+00,1.044649184175502205e-02,2.826410244429750085e-02,5.429360084219769789e-02
7.591491314741780627e-01,0.000000000000000000e+00,3.819246389687859608e-05,2.648390063522943969e-02,2.143287754266955392e-01
8.350189740712028463e-01,0.000000000000000000e+00,1.143781098839820147e-02,2.396677401564521401e-02,1.295764409247537330e-01
9.642841249313542917e-01,0.000000000000000000e+00,4.546626754938668663e-03,3.116924831370713328e-02,0.000000000000000000e+00
9.638740880909880682e-01,0.000000000000000000e+00,6.654093857863828398e-03,2.947181805114806874e-02,0.000000000000000000e+00
9.180766789250600635e-01,0.000000000000000000e+00,0.000000000000000000e+00,3.037416145441889162e-02,5.154915962052103451e-02
8.318798686599393477e-01,0.000000000000000000e+00,0.000000000000000000e+00,2.729919574652891687e-02,1.408209355935316764e-01
8.662787301751649904e-01,4.102784539853995133e-02,0.000000000000000000e+00,2.805559814119588935e-02,6.463782628509927297e-02
8.038378880909285984e-01,5.670411059634712647e-02,0.000000000000000000e+00,2.629539224260010744e-02,1.131626090701242510e-01
9.645401668230371151e-01,0.000000000000000000e+00,2.867990869452636139e-03,3.259184230751028394e-02,0.000000000000000000e+00
7.679973546719190969e-01,0.000000000000000000e+00,1.466485820392419460e-02,2.427882798102777920e-02,1.930589591431290108e-01
9.587704997109713911e-01,0.000000000000000000e+00,5.944690822102609816e-03,3.142240914277664304e-02,3.862400324149422789e-03
8.203038150982476795e-01,5.834356651908598895e-02,0.000000000000000000e+00,2.570317837807261849e-02,9.564944000459371654e-02
7.685136646734074262e-01,1.478669822778854170e-01,4.790070589664764396e-04,2.216863343991852531e-02,6.097171254982221983e-02
7.239512253021570531e-01,0.000000000000000000e+00,0.000000000000000000e+00,2.363966562817650455e-02,2.524091090696664041e-01
8.627305133675366999e-01,0.000000000000000000e+00,2.997685898791030900e-04,2.946668718233389286e-02,1.075030308602502316e-01
9.054996008970106480e-01,3.439412990520870211e-02,0.000000000000000000e+00,2.920525964396099294e-02,3.090100955381964651e-02
8.849757252530418006e-01,0.000000000000000000e+00,0.000000000000000000e+00,2.938414897088040614e-02,8.564012577607783838e-02
8.474426823820108146e-01,1.150326774707471737e-02,3.519753209467855418e-03,2.735885374274845544e-02,1.101754429186981299e-01
8.956053754346303686e-01,1.326042288476697757e-02,0.000000000000000000e+00,2.846710242347932560e-02,6.266709925712338203e-02
8.602666325439000117e-01,0.000000000000000000e+00,1.877074771267339334e-03,2.826706672677550478e-02,1.095892259580571737e-01
9.675972540199830885e-01,0.000000000000000000e+00,2.170412335163081786e-03,3.023233364485370181e-02,0.000000000000000000e+00
9.634338813741888385e-01,0.000000000000000000e+00,3.672302761409038368e-03,3.289381586440221633e-02,0.000000000000000000e+00
9.467055456878904485e-01,1.842573078906549477e-02,5.207051489944096445e-03,2.966167203309979031e-02,0.000000000000000000e+00
8.158288178534860435e-01,9.550014779103060958e-02,0.000000000000000000e+00,2.600416036932208866e-02,6.266687398616120619e-02
8.380950075328339466e-01,0.000000000000000000e+00,6.041310276492344034e-03,2.744732509668068240e-02,1.284163570939930998e-01
8.318920207560870361e-01,6.781179284639138327e-02,0.000000000000000000e+00,2.717641125390666407e-02,7.311977514361492347e-02
9.673693796221736196e-01,0.000000000000000000e+00,2.107116823907896792e-03,3.052350355391843933e-02,0.000000000000000000e+00
8.404779669608081205e-01,0.000000000000000000e+00,9.471391409956522733e-03,2.710831402446196164e-02,1.229423276047735686e-01
9.136144091752266272e-01,0.000000000000000000e+00,2.846126425901617830e-03,2.996525563135610248e-02,5.357420876751564642e-02
7.337298659546440671e-01,0.000000000000000000e+00,2.405736892628289325e-03,2.312198681751495219e-02,2.407424103352126254e-01
9.325108529492079912e-01,0.000000000000000000e+00,0.000000000000000000e+00,3.110257449083153949e-02,3.638657255996048667e-02
9.063134349014675406e-01,0.000000000000000000e+00,4.875712135192530709e-03,2.905704917395311379e-02,5.975380378938682790e-02
8.826770285724514498e-01,4.847880978803889573e-02,0.000000000000000000e+00,2.822594352973602574e-02,4.061821810977361835e-02
7.556269413808205382e-01,0.000000000000000000e+00,0.000000000000000000e+00,2.401315737167122183e-02,2.203599012475083441e-01
8.830622166372750215e-01,6.698949265170975505e-03,8.253027349230813992e-03,2.805802138280231658e-02,7.392778536552087332e-02
8.209734014659501034e-01,8.627660865862234185e-02,0.000000000000000000e+00,2.696433401352877138e-02,6.578565586189885628e-02
9.030669370322640388e-01,0.000000000000000000e+00,9.103231135824797846e-04,3.297342944294113370e-02,6.304931041121240864e-02
8.349283567733069011e-01,0.000000000000000000e+00,1.109693650205267890e-02,2.528828348474250823e-02,1.286864232398977903e-01
9.668290679842099777e-01,0.000000000000000000e+00,0.000000000000000000e+00,3.317093201579006390e-02,0.000000000000000000e+00
9.637286981000613428e-01,0.000000000000000000e+00,3.261040820622206245e-03,3.101604105464033853e-02,1.994220024676160961e-03
8.226185201461648777e-01,6.959271740670380790e-02,4.567593061427313757e-03,2.668726247683351344e-02,7.653390690887040826e-02
8.687655195319742285e-01,0.000000000000000000e+00,0.000000000000000000e+00,2.823164872015061777e-02,1.030028317478751398e-01
8.357112470503865742e-01,0.000000000000000000e+00,0.000000000000000000e+00,2.722359401412108304e-02,1.370651589354922872e-01
9.588754490930051499e-01,9.254404647057177732e-03,0.000000000000000000e+00,3.187014625993746936e-02,0.000000000000000000e+00
7.489244486371164911e-01,0.000000000000000000e+00,3.743099225360811775e-03,2.456567789699318910e-02,2.227667742405294027e-01
9.682578815886290213e-01,0.000000000000000000e+00,0.000000000000000000e+00,3.174211841137108275e-02,0.000000000000000000e+00
9.428685646659007435e-01,0.000000000000000000e+00,7.534651453058399673e-03,3.121117743585539311e-02,1.838560644518545326e-02
8.574230487466752981e-01,0.000000000000000000e+00,9.624064074852584950e-04,2.848049623789167609e-02,1.131340486079478874e-01
9.319455663338377382e-01,0.000000000000000000e+00,4.279030453009083010e-03,3.100768193452305491e-02,3.276772127863016026e-02
9.119229830658740488e-01,0.000000000000000000e+00,0.000000000000000000e+00,3.056551635129282560e-02,5.751150058283312216e-02
8.154800340351533450e-01,6.192292440547178534e-02,0.000000000000000000e+00,2.696872676302164429e-02,9.562831479635314214e-02
8.065282832528651857e-01,0.000000000000000000e+00,1.132913775572591715e-02,2.425050061419051564e-02,1.578920783772184699e-01
9.587970690390555939e-01,0.000000000000000000e+00,1.069449504340239283e-02,3.050843591754210868e-02,0.000000000000000000e+00
9.518345132759638005e-01,1.792910230295582941e-02,1.038079738532365139e-04,3.013257644722707948e-02,0.000000000000000000e+00
8.623156587080303970e-01,0.000000000000000000e+00,5.599494800112250759e-03,2.816365009251498713e-02,1.039211963993424553e-01
7.533776821113494782e-01,8.754555287023146892e-02,0.000000000000000000e+00,2.260949030651187783e-02,1.364672747119071161e-01
9.365732132774238217e-01,0.000000000000000000e+00,0.000000000000000000e+00,3.179714511768871876e-02,3.162964160488729304e-02
9.108187908372401553e-01,0.000000000000000000e+00,0.000000000000000000e+00,3.040169120532806857e-02,5.877951795743176916e-02
8.849646786182356895e-01,6.633356647078898771e-02,0.000000000000000000e+00,2.841698326226163585e-02,2.028477164871365923e-02
9.658867849923500337e-01,0.000000000000000000e+00,0.000000000000000000e+00,3.411321500764983444e-02,0.000000000000000000e+00
9.075649195334214436e-01,0.000000000000000000e+00,9.006375680448560836e-04,2.877718489088865531e-02,6.275725800764507534e-02
8.972899978695514367e-01,0.000000000000000000e+00,0.000000000000000000e+00,3.001658129609493381e-02,7.269342083435358093e-02
9.685043063369572769e-01,0.000000000000000000e+00,0.000000000000000000e+00,3.149569366304277168e-02,0.000000000000000000e+00
8.956301871188360186e-01,0.000000000000000000e+00,8.522575197782362652e-03,2.804180587011674552e-02,6.780543181326491309e-02
9.052382818930780894e-01,6.137686256766761855e-02,4.347946706233509276e-03,2.903690883302090242e-02,0.000000000000000000e+00
8.983962748162812595e-01,0.000000000000000000e+00,4.261104735701805833e-03,2.844489420971308205e-02,6.889772623830377196e-02
8.818975090265213090e-01,0.000000000000000000e+00,1.670055751296857342e-03,2.958266427430412612e-02,8.684977094787781071e-02
9.331136589938805459e-01,0.000000000000000000e+00,0.000000000000000000e+00,3.010124758716343704e-02,3.678509341895606216e-02
8.441953825287121793e-01,0.000000000000000000e+00,4.342360063002943110e-03,2.670697862771418546e-02,1.247552787805707580e-01
8.296888087122764599e-01,0.000000000000000000e+00,3.652421695283156883e-03,2.744591606603996939e-02,1.392128535264003375e-01
6.437573457461974735e-01,1.525850039081089460e-01,0.000000000000000000e+00,1.784230555269119764e-02,1.858153447930022684e-01
8.172189856545000186e-01,1.575503085651444868e-01,7.899794229011169100e-04,2.444072635745449598e-02,0.000000000000000000e+00
9.672246320673546505e-01,0.000000000000000000e+00,0.000000000000000000e+00,3.277536793264534953e-02,0.000000000000000000e+00
8.293263312918013330e-01,0.000000000000000000e+00,5.737186123035226994e-03,2.525636120085989270e-02,1.396801213843035794e-01
8.868031355745894517e-01,0.000000000000000000e+00,0.000000000000000000e+00,2.965273228926668808e-02,8.354413213614382550e-02
9.620272742609043970e-01,0.000000000000000000e+00,5.070418835937277879e-03,3.203360776387300518e-02,8.686991392852274610e-04
8.858239150479281232e-01,6.969762496835021914e-02,0.000000000000000000e+00,2.756176096828623356e-02,1.691669901543526103e-02
9.407218880864772759e-01,0.000000000000000000e+00,7.852006515846590620e-04,3.112650350455980694e-02,2.736640775737812434e-02
8.989460304192956608e-01,0.000000000000000000e+00,1.520314012498455609e-02,2.722506642881287325e-02,5.862576302690677976e-02
9.612316695307525638e-01,0.000000000000000000e+00,8.559349997994099637e-03,3.020898047125324809e-02,0.000000000000000000e+00
9.632079409295409844e-01,0.000000000000000000e+00,5.982307399395678932e-03,3.080975167106344073e-02,0.000000000000000000e+00
9.646127916568608684e-01,0.000000000000000000e+00,3.598649838427201569e-03,3.178855850471188488e-02,0.000000000000000000e+00
9.603268649661791390e-01,0.000000000000000000e+00,7.443774183643643919e-03,3.222936085017732988e-02,0.000000000000000000e+00
8.705670733812654882e-01,5.402095224222573655e-03,0.000000000000000000e+00,2.996192787817687775e-02,9.406890351633498404e-02
8.888759851899530329e-01,8.187962550237253001e-02,7.637866745617158610e-04,2.848060263311272960e-02,0.000000000000000000e+00
9.048593756942129307e-01,3.352269581748874155e-02,5.601502713536266054e-03,2.895116024764824922e-02,2.706526552711398942e-02
8.252125548656946696e-01,4.241493673976521467e-02,0.000000000000000000e+00,2.662183558225430721e-02,1.057506728122858397e-01
9.622784128250352342e-01,0.000000000000000000e+00,7.561328508113324826e-03,3.016025866685144788e-02,0.000000000000000000e+00
9.634262872515592102e-01,0.000000000000000000e+00,4.480140859110194954e-03,3.209357188933070065e-02,0.000000000000000000e+00
9.606922601146642426e-01,0.000000000000000000e+00,7.460793224098923732e-03,3.184694666123668444e-02,0.000000000000000000e+00
7.965566257003071637e-01,0.000000000000000000e+00,0.000000000000000000e+00,2.535754012695715445e-02,1.780858341727356020e-01
9.415343839937607706e-01,0.000000000000000000e+00,5.082085273782514963e-03,2.952980315503652212e-02,2.385372757742040828e-02
7.708974741000467201e-01,4.982828709167905906e-02,4.984362948472288550e-03,2.237622564291013444e-02,1.519136502168917935e-01
8.028120515742704910e-01,0.000000000000000000e+00,0.000000000000000000e+00,2.663722122933917524e-02,1.705507271963903615e-01
8.784795145181806264e-01,8.447405866583673761e-02,0.000000000000000000e+00,2.832838415053863870e-02,8.718042665443936565e-03
9.545753650721235939e-01,0.000000000000000000e+00,9.124615809683832984e-03,2.916623456042900450e-02,7.133784557763598981e-03
9.202661175897405288e-01,4.978515012685457569e-02,8.070740819998119611e-04,2.914165820140523014e-02,0.000000000000000000e+00
9.686772893117409078e-01,0.000000000000000000e+00,4.323633402561354489e-04,3.089034734800299997e-02,0.000000000000000000e+00
9.632016128581628589e-01,0.000000000000000000e+00,3.815642372274444943e-03,3.298274476956266493e-02,0.000000000000000000e+00
8.370716044321681037e-01,0.000000000000000000e+00,7.213908776398426231e-03,2.543947839618191167e-02,1.302750083952515514e-01
9.624155910160552274e-01,0.000000000000000000e+00,7.463206611917488041e-03,3.012120237202732184e-02,0.000000000000000000e+00
9.561328592271571836e-01,0.000000000000000000e+00,5.286778096903964677e-03,3.072767402305767032e-02,7.852688652881203990e-03
8.494641901207246049e-01,8.931031486722830481e-02,0.000000000000000000e+00,2.704665118135535576e-02,3.417884383069168253e-02
9.627125925662586292e-01,0.000000000000000000e+00,5.133353432873987744e-03,3.215405400086752269e-02,0.000000000000000000e+00
9.524123807476881920e-01,0.000000000000000000e+00,2.001960129106532867e-03,3.284612177234053076e-02,1.273953735086473180e-02
8.990240206141466572e-01,7.283618541689489134e-02,9.876117800035975197e-04,2.715218218895481053e-02,0.000000000000000000e+00
8.424846738744581343e-01,0.000000000000000000e+00,8.997110989447002632e-03,2.603917253224610068e-02,1.224790426038487728e-01
8.672997035979138625e-01,0.000000000000000000e+00,9.933924268800773533e-03,2.827898363411582294e-02,9.448738849916957228e-02
9.482592040318229554e-01,1.861269073834533050e-02,2.834456048186548022e-03,3.029364918164527409e-02,0.000000000000000000e+00
8.636494474672513633e-01,0.000000000000000000e+00,3.046265530897357150e-03,2.835037180164578369e-02,1.049539152002055831e-01
7.928652781286761320e-01,0.000000000000000000e+00,0.000000000000000000e+00,2.589996225570597582e-02,1.812347596156178853e-01
9.344568868577707299e-01,0.000000000000000000e+00,1.117798813390741513e-04,3.041348191960502670e-02,3.501785134128507920e-02
9.629496474764465130e-01,0.000000000000000000e+00,5.447566372301793601e-03,3.160278615125161616e-02,0.000000000000000000e+00
8.093065157392852482e-01,4.331328834330285156e-03,0.000000000000000000e+00,2.709402928412676242e-02,1.592681261422577432e-01
8.052637811736831353e-01,0.000000000000000000e+00,3.270692344822282664e-03,2.509179576188335856e-02,1.663737307196110904e-01
9.627572439602130050e-01,0.000000000000000000e+00,2.814252553254479824e-04,3.216835949363689579e-02,4.792971290824549375e-03
9.679299411401838249e-01,0.000000000000000000e+00,0.000000000000000000e+00,3.207005885981613347e-02,0.000000000000000000e+00
7.987551476078188495e-01,0.000000000000000000e+00,1.150375085822595914e-02,2.354688322246432236e-02,1.661942183114907545e-01
9.371114989738914547e-01,0.000000000000000000e+00,9.539024590682248020e-03,2.943685225262673844e-02,2.391262418279976529e-02
9.364969284269704097e-01,0.000000000000000000e+00,1.756573043776602774e-03,3.026515233856558532e-02,3.148134619068734125e-02
9.668926225773742944e-01,0.000000000000000000e+00,1.829083137561537476e-03,3.127829428506432446e-02,0.000000000000000000e+00
8.271055657346392254e-01,0.000000000000000000e+00,1.209249085897065633e-03,2.833363622108271002e-02,1.433515489583809810e-01
7.341543872720472930e-01,1.435524581196263028e-01,0.000000000000000000e+00,2.248448388559513497e-02,9.980867072273111318e-02
9.663593278583777479e-01,0.000000000000000000e+00,2.499214397187184220e-03,3.114145774443494163e-02,0.000000000000000000e+00
9.483363871624280739e-01,1.874294667383726021e-02,2.560250204023000777e-03,3.036041595971176663e-02,0.000000000000000000e+00
9.653536290904406458e-01,0.000000000000000000e+00,1.934889483769775941e-03,3.271148142578975127e-02,0.000000000000000000e+00
7.859351318779250750e-01,2.447957472365381790e-02,7.313436747816814965e-03,2.544697087350099307e-02,1.568248857771032678e-01
7.728206296538943088e-01,4.361907511219426797e-02,0.000000000000000000e+00,2.579116683974922927e-02,1.577691283941621003e-01
8.066422809718262199e-01,0.000000000000000000e+00,9.401354155502467461e-03,2.503464215426681738e-02,1.589217227184045456e-01
9.654971154814638856e-01,0.000000000000000000e+00,2.495212886556220921e-03,3.200767163197995591e-02,0.000000000000000000e+00
8.865137331072145965e-01,9.633114859985029282e-03,2.213236873244373883e-03,2.877133402986899527e-02,7.286858112968694345e-02
8.576416000088418201e-01,0.000000000000000000e+00,0.000000000000000000e+00,2.937077541253407115e-02,1.129876245786240879e-01
9.600826907726940362e-01,0.000000000000000000e+00,1.959904904371254693e-03,3.210892234416022617e-02,5.848481978774496340e-03
9.293059829875979228e-01,0.000000000000000000e+00,3.679369581774059091e-03,2.999162395861701413e-02,3.702302347201099492e-02
9.070227652859889078e-01,3.157364926470965921e-02,0.000000000000000000e+00,3.124281785042002518e-02,3.016076759888132106e-02
8.962302734492647582e-01,0.000000000000000000e+00,0.000000000000000000e+00,3.110144012130712510e-02,7.266828642942801952e-02
8.169370506728589332e-01,2.216781299975819491e-02,8.011633465932229206e-03,2.478187760795414613e-02,1.281016252534963873e-01
8.854088878290864439e-01,6.532593460901921223e-02,0.000000000000000000e+00,2.977873257662286277e-02,1.948644498527151575e-02
9.610078571757086907e-01,0.000000000000000000e+00,6.491717025408598983e-03,3.250042579888280658e-02,0.000000000000000000e+00
9.664189531364461017e-01,0.000000000000000000e+00,3.417984773876212024e-03,3.016306208967785285e-02,0.000000000000000000e+00
7.825703177748083439e-01,0.000000000000000000e+00,6.721225541051919355e-03,2.367401295835604158e-02,1.870344437257836223e-01
9.152736444013671591e-01,0.000000000000000000e+00,7.278833563099789197e-03,2.820402147344165319e-02,4.924350056209126497e-02
9.036560647294822335e-01,0.000000000000000000e+00,8.135422012598897412e-03,2.774069369311804589e-02,6.046781956480061504e-02
6.780882988344905105e-01,0.000000000000000000e+00,0.000000000000000000e+00,2.208064742244239889e-02,2.998310537430669553e-01
8.352463279537580831e-01,2.596582988544297171e-02,0.000000000000000000e+00,2.815622979281739643e-02,1.106316123679815522e-01
7.790410603699672309e-01,1.254243856255250755e-01,0.000000000000000000e+00,2.374010048091187292e-02,7.179445352359577204e-02
9.471620270655350948e-01,1.527128221041379116e-02,7.257827755411439680e-03,3.030886296863984433e-02,0.000000000000000000e+00
9.358539044467357737e-01,9.568425976763644120e-03,0.000000000000000000e+00,3.187225028684610023e-02,2.270541928965453746e-02
8.522989842230821456e-01,9.110245450323184446e-02,0.000000000000000000e+00,2.591946377177184110e-02,3.067909750191426949e-02
9.652683581599357243e-01,0.000000000000000000e+00,2.048633502714196017e-03,3.268300833735016120e-02,0.000000000000000000e+00
9.439965410233303045e-01,0.000000000000000000e+00,7.211204536197595577e-03,3.147034281365966579e-02,1.732191162681242028e-02
9.672885455385705766e-01,0.000000000000000000e+00,0.000000000000000000e+00,3.271145446142951357e-02,0.000000000000000000e+00
9.529034540694886202e-01,0.000000000000000000e+00,8.713416579317602439e-03,2.909422969650150501e-02,9.288899654692263710e-03
8.431605400659019089e-01,0.000000000000000000e+00,0.000000000000000000e+00,2.832327457515028749e-02,1.285161853589478487e-01
8.647780127652550108e-01,0.000000000000000000e+00,0.000000000000000000e+00,2.893241355494065650e-02,1.062895736798043084e-01
9.677659060575757310e-01,0.000000000000000000e+00,0.000000000000000000e+00,3.223409394242436610e-02,0.000000000000000000e+00
9.657518942636407200e-01,0.000000000000000000e+00,2.047305757268369671e-03,3.220079997909076897e-02,0.000000000000000000e+00
9.665588727309625261e-01,0.000000000000000000e+00,1.730880341440337771e-03,3.171024692759714242e-02,0.000000000000000000e+00
9.589650876423676529e-01,0.000000000000000000e+00,1.044259954572208070e-02,3.059231281191023694e-02,0.000000000000000000e+00
8.971284624445705624e-01,3.908108441049196191e-02,2.472951525278178735e-03,3.006269407323139756e-02,3.125480754642789849e-02
8.271243989518698436e-01,7.026598137533243693e-02,0.000000000000000000e+00,2.479447719719756263e-02,7.781514247560000763e-02
9.166650537931414489e-01,0.000000000000000000e+00,6.287819227098511918e-03,2.897503427542600513e-02,4.807209270433405318e-02
9.102688779282193110e-01,3.534926213636113701e-02,0.000000000000000000e+00,3.004176132821117715e-02,2.434009860720839913e-02
7.707317484548387165e-01,0.000000000000000000e+00,6.054469625925956288e-04,2.725357142540149255e-02,2.014092331571673000e-01
9.333291229709483883e-01,0.000000000000000000e+00,6.131908214491445588e-03,3.104750840874728746e-02,2.949146040581297409e-02
9.395295631395722546e-01,6.443037775958823654e-03,0.000000000000000000e+00,3.196747559423145091e-02,2.205992349023751936e-02
9.694124858245765086e-01,0.000000000000000000e+00,0.000000000000000000e+00,3.058751417542342546e-02,0.000000000000000000e+00
9.681114706337657916e-01,0.000000000000000000e+00,0.000000000000000000e+00,3.188852936623426393e-02,0.000000000000000000e+00
8.239624036785385686e-01,2.995887881747294479e-02,8.503648231182056941e-03,2.443091108207606083e-02,1.131441581907305233e-01
8.643731743702726122e-01,0.000000000000000000e+00,0.000000000000000000e+00,2.980876127235297310e-02,1.058180643573744389e-01
9.181171523705881077e-01,3.236666213116410479e-02,0.000000000000000000e+00,3.050393392963460931e-02,1.901225156861327883e-02
9.625501306134790491e-01,0.000000000000000000e+00,6.470264194003864933e-03,3.097960519251708247e-02,0.000000000000000000e+00
9.046840647263479918e-01,6.568316776379168331e-02,0.000000000000000000e+00,2.963276750986046371e-02,0.000000000000000000e+00
8.942592964990193627e-01,0.000000000000000000e+00,1.749685235207396918e-03,2.982308072008451119e-02,7.416793754568881680e-02
9.662339237962505045e-01,0.000000000000000000e+00,2.611669132267389806e-03,3.115440707148216248e-02,0.000000000000000000e+00
9.271650928040596762e-01,1.113671567589631303e-02,0.000000000000000000e+00,2.944922868232852098e-02,3.224896283771543082e-02
8.154608768634863392e-01,0.000000000000000000e+00,1.592813560524819049e-03,2.715517585325706237e-02,1.557911337227317894e-01
8.300622736603101570e-01,0.000000000000000000e+00,0.000000000000000000e+00,2.766315437867937488e-02,1.422745719610104265e-01
7.623861964450822093e-01,8.158173846393985962e-02,3.481603036292643585e-03,2.365898728307206864e-02,1.288914747716131404e-01
8.824065081200439531e-01,0.000000000000000000e+00,0.000000000000000000e+00,2.898997376500859688e-02,8.860351811494743268e-02
8.608556843915992074e-01,0.000000000000000000e+00,6.934626332205128581e-04,2.936049664807723406e-02,1.090903563271030247e-01
9.663783622669219753e-01,0.000000000000000000e+00,2.519170485330087146e-03,3.110246724774786906e-02,0.000000000000000000e+00
9.350078167280754249e-01,0.000000000000000000e+00,0.000000000000000000e+00,3.126657654885319632e-02,3.372560672307135105e-02
8.869331161748164050e-01,0.000000000000000000e+00,3.575941462040500059e-03,2.802490926218060771e-02,8.146603310096257877e-02
8.488995315773372186e-01,0.000000000000000000e+00,0.000000000000000000e+00,2.988491966153046520e-02,1.212155487611322469e-01
9.665472094415052950e-01,0.000000000000000000e+00,1.886788406459366085e-03,3.156600215203539395e-02,0.000000000000000000e+00
8.665447728106293601e-01,0.000000000000000000e+00,9.311012795478874199e-03,2.742002122523200941e-02,9.672419316865971117e-02
7.121851336972149227e-01,5.632838435830932883e-02,0.000000000000000000e+00,2.172781150208054693e-02,2.097586704423952675e-01
9.670341537038401603e-01,0.000000000000000000e+00,1.077627690410285855e-03,3.188821860574964778e-02,0.000000000000000000e+00
8.588497257872307333e-01,0.000000000000000000e+00,5.972440101106784270e-03,2.616913533180855941e-02,1.090086987798539048e-01
8.811654557757239159e-01,0.000000000000000000e+00,7.240610321039953924e-03,2.732746163013145824e-02,8.426647227310458954e-02
8.978524541864852937e-01,0.000000000000000000e+00,4.750059735369903911e-03,2.885683481219662380e-02,6.854065126594824364e-02
8.067654218647231090e-01,0.000000000000000000e+00,0.000000000000000000e+00,2.629456095960922002e-02,1.669400171756675877e-01
9.663637666954787431e-01,0.000000000000000000e+00,1.993065830705447600e-03,3.164316747381567402e-02,0.000000000000000000e+00
9.596028045990111499e-01,0.000000000000000000e+00,9.532576363881691342e-03,3.086461903710719171e-02,0.000000000000000000e+00
7.775492412650463203e-01,6.355849035372743150e-02,0.000000000000000000e+00,2.420635203014233350e-02,1.346859163510839563e-01
7.795828708850682798e-01,0.000000000000000000e+00,0.000000000000000000e+00,2.613285600228796093e-02,1.942842731126437350e-01
9.596466564127495991e-01,0.000000000000000000e+00,9.961192454354228509e-03,3.039215113289630427e-02,0.000000000000000000e+00
9.263617562073523937e-01,0.000000000000000000e+00,1.086368102313555774e-02,2.870524612291067146e-02,3.406931664660128867e-02
9.346217091802104804e-01,2.753619132521123100e-02,6.530601618264565006e-03,3.131149787631372361e-02,0.000000000000000000e+00
8.509506609080446093e-01,0.000000000000000000e+00,2.098474002248817364e-03,2.830575115709967060e-02,1.186451139326068632e-01
8.841300032288971211e-01,0.000000000000000000e+00,8.953034419896541488e-03,2.893843135707043976e-02,7.797853099413570854e-02
9.128489266703575522e-01,0.000000000000000000e+00,6.565870461910839131e-03,2.952878582012428976e-02,5.105641704760740390e-02
9.688565817675131031e-01,0.000000000000000000e+00,0.000000000000000000e+00,3.114341823248690036e-02,0.000000000000000000e+00
7.384374461852407645e-01,0.000000000000000000e+00,3.793640594785819154e-03,2.425636821035482074e-02,2.335125450096186828e-01
8.678696000449930281e-01,0.000000000000000000e+00,1.041357788385543354e-02,2.614044608054346894e-02,9.557637599060818390e-02
8.199643915907758318e-01,4.359163625574457440e-02,2.583211597310028015e-03,2.751749408085883350e-02,1.063432664753105744e-01
9.683013439838992209e-01,0.000000000000000000e+00,0.000000000000000000e+00,3.169865601610084155e-02,0.000000000000000000e+00
9.128394894625974088e-01,0.000000000000000000e+00,0.000000000000000000e+00,3.058418850754676330e-02,5.657632202985592162e-02
8.567587955396931410e-01,1.959292381280974132e-02,0.000000000000000000e+00,2.834531554412289198e-02,9.530296510337425697e-02
8.845339650082990612e-01,8.570467814962023922e-02,2.665870967540776969e-03,2.709548587453992907e-02,0.000000000000000000e+00
9.620096143384534448e-01,0.000000000000000000e+00,8.987745111176439691e-03,2.900264055037013455e-02,0.000000000000000000e+00
8.806229430264768121e-01,0.000000000000000000e+00,1.089076724664837965e-02,2.725816508145526354e-02,8.122812464541954991e-02
9.503228406610350065e-01,0.000000000000000000e+00,5.282706038224308127e-03,3.071502227078022965e-02,1.367943102996039238e-02
9.131424868202028255e-01,0.000000000000000000e+00,7.156515783221009327e-03,2.797508436347328695e-02,5.172591303310276889e-02
7.661127570930472697e-01,0.000000000000000000e+00,3.123981340282455058e-03,2.491889998233167910e-02,2.058443615843384977e-01
8.961837858284660285e-01,4.573853329267801859e-02,0.000000000000000000e+00,2.987919909571655139e-02,2.819848178313935638e-02
8.988240779650071843e-01,0.000000000000000000e+00,1.043706673399904562e-02,2.864802820448227039e-02,6.209082709651160548e-02
9.622709276130759770e-01,0.000000000000000000e+00,6.572813489320942539e-03,3.115625889760315417e-02,0.000000000000000000e+00
9.662293494876782463e-01,0.000000000000000000e+00,1.248706561328688427e-03,3.252194395099317764e-02,0.000000000000000000e+00
9.179120839912173757e-01,4.607658694254224141e-02,7.248787464995999630e-03,2.876254160124448386e-02,0.000000000000000000e+00
9.421880144261156609e-01,2.470568341620302602e-02,4.123431155538738457e-03,2.898287100214244974e-02,0.000000000000000000e+00
9.120552150830926186e-01,0.000000000000000000e+00,4.150349633825923396e-03,2.816992486041282676e-02,5.562451042266858270e-02
8.640556042384978097e-01,6.074441600574582295e-02,0.000000000000000000e+00,2.880540229614452982e-02,4.639457745961182017e-02
8.797705343887586293e-01,4.471116681173038787e-02,0.000000000000000000e+00,2.944162591051197389e-02,4.607667288899897767e-02
9.084304973756776036e-01,0.000000000000000000e+00,9.296477629066183732e-03,2.862354793988446805e-02,5.364947705537169431e-02
9.306415753500130172e-01,3.103423825093959421e-02,0.000000000000000000e+00,2.967682100172510176e-02,8.647365397322363118e-03
7.525951243194843876e-01,1.379119785747708049e-01,0.000000000000000000e+00,2.386549721470394500e-02,8.562739989104084515e-02
9.667102069331164893e-01,0.000000000000000000e+00,0.000000000000000000e+00,3.328979306688350376e-02,0.000000000000000000e+00
8.926609565940794022e-01,7.095185846420522247e-02,1.013321344123441214e-02,2.625397150048070297e-02,0.000000000000000000e+00
9.677347694472218098e-01,0.000000000000000000e+00,0.000000000000000000e+00,3.226523055277830815e-02,0.000000000000000000e+00
8.121248995249396030e-01,3.055158282155762822e-02,5.199262568585268779e-03,2.512163991644217331e-02,1.270026151684752191e-01
8.376095260729531367e-01,0.000000000000000000e+00,2.443582227504902202e-03,2.812120389920818794e-02,1.318256878003337129e-01
9.642773075821313711e-01,0.000000000000000000e+00,5.327720115805845147e-03,3.039497230206268316e-02,0.000000000000000000e+00
8.718038058090170628e-01,4.094790322753178585e-02,0.000000000000000000e+00,2.753968442316086923e-02,5.970860654029023357e-02
9.667291115153836545e-01,0.000000000000000000e+00,1.062758668130569335e-03,3.189409451590488609e-02,3.140353005808549629e-04
9.220060017023552490e-01,6.236878057761842571e-03,0.000000000000000000e+00,3.165222336853158042e-02,4.010489687135141562e-02
7.694522529607240591e-01,0.000000000000000000e+00,0.000000000000000000e+00,2.674787076043350434e-02,2.037998762788424123e-01
8.595376867514856745e-01,0.000000000000000000e+00,4.332208527241831510e-03,2.832733822020426506e-02,1.078027665010681674e-01
8.427853776986745649e-01,0.000000000000000000e+00,0.000000000000000000e+00,2.716979062248396637e-02,1.300448316788415659e-01
9.335955085032316969e-01,0.000000000000000000e+00,0.000000000000000000e+00,3.086583894553832780e-02,3.553865255122991978e-02
8.793470057751460178e-01,0.000000000000000000e+00,1.388097049244531225e-03,3.083049123638617953e-02,8.843440593922317905e-02
8.417266618185217375e-01,8.500003191514152179e-02,0.000000000000000000e+00,2.707349981600321032e-02,4.619980645033349570e-02
9.652873605217785480e-01,0.000000000000000000e+00,3.418197728107301003e-03,3.129444175011421303e-02,0.000000000000000000e+00
9.290325764405227282e-01,0.000000000000000000e+00,0.000000000000000000e+00,2.922367639033548320e-02,4.174374716914191347e-02
8.249108070233186485e-01,0.000000000000000000e+00,1.625642158176303495e-03,2.538961656324380950e-02,1.480739342552612747e-01
8.064868524983238585e-01,0.000000000000000000e+00,7.620902808289123712e-03,2.448947118830984218e-02,1.614027735050773127e-01
8.587229606923164615e-01,0.000000000000000000e+00,1.669675770374107898e-04,2.751151089089681756e-02,1.135985608397492991e-01
7.215654395657850051e-01,1.637276459110128812e-01,0.000000000000000000e+00,2.066797520845623307e-02,9.403893931474575918e-02
8.911021671695986690e-01,2.509515936271760825e-02,0.000000000000000000e+00,2.978079717222792064e-02,5.402187629545591313e-02
9.417227895351666378e-01,6.706349897520111738e-04,0.000000000000000000e+00,3.185574543057220764e-02,2.575083004450918686e-02
7.990030139734581871e-01,6.066976909235757137e-02,0.000000000000000000e+00,2.616056542636328863e-02,1.141666515078210153e-01
9.417319656667608729e-01,0.000000000000000000e+00,0.000000000000000000e+00,3.125095838569623419e-02,2.701707594754283737e-02
9.613370685342189637e-01,0.000000000000000000e+00,9.175761306493949304e-03,2.948717015928716337e-02,0.000000000000000000e+00
8.664445164479628314e-01,6.165017768962056943e-02,0.000000000000000000e+00,2.739010293564195925e-02,4.451520292677452195e-02
8.513261739958135621e-01,0.000000000000000000e+00,2.325712873306521895e-03,2.789618291512207388e-02,1.184519302157579501e-01
9.689834101962752078e-01,0.000000000000000000e+00,2.281747598292292538e-04,3.078841504389568523e-02,0.000000000000000000e+00
9.640859151198882815e-01,0.000000000000000000e+00,3.647437206639915150e-03,3.226664767347184326e-02,0.000000000000000000e+00
9.585011578154387646e-01,0.000000000000000000e+00,3.690898658518916228e-03,3.313408782805601221e-02,4.673855697986319981e-03
7.782566958456380579e-01,0.000000000000000000e+00,1.078205140580370744e-02,2.430041474761553133e-02,1.866608380009425472e-01
8.825486344320272458e-01,0.000000000000000000e+00,0.000000000000000000e+00,2.824251876321892327e-02,8.920884680475377193e-02
8.415948962708909020e-01,0.000000000000000000e+00,2.815128557018657402e-03,2.612086246775826431e-02,1.294691127043321177e-01
8.845607414443350525e-01,0.000000000000000000e+00,0.000000000000000000e+00,2.793730072779338630e-02,8.750195782787158205e-02
9.076911025210802064e-01,3.331657880984601611e-02,0.000000000000000000e+00,2.887298664294999859e-02,3.011933202612375113e-02
8.775858395727026418e-01,5.149927604697916023e-02,3.199376644810102100e-04,2.807221665490085977e-02,4.252273006093616053e-02
9.697165868946926448e-01,0.000000000000000000e+00,0.000000000000000000e+00,3.028341310530726499e-02,0.000000000000000000e+00
9.413982123629928145e-01,2.554726395440181860e-02,2.185337521545243061e-03,3.086918616106007138e-02,0.000000000000000000e+00
9.603054748828936393e-01,0.000000000000000000e+00,9.159211934443581976e-03,3.053531318266287237e-02,0.000000000000000000e+00
8.303003137978891557e-01,0.000000000000000000e+00,0.000000000000000000e+00,2.897375917028089526e-02,1.407259270318299005e-01
7.952854329782745868e-01,1.136358731610029142e-02,7.366647085284434501e-03,2.550309598762374660e-02,1.604812366327168782e-01
9.386427422573699886e-01,0.000000000000000000e+00,3.269648595863793201e-03,3.014040407596156254e-02,2.794720507080471900e-02
9.043520960101794071e-01,0.000000000000000000e+00,0.000000000000000000e+00,3.154965075617739700e-02,6.409825323364308491e-02
8.716373792998326486e-01,0.000000000000000000e+00,4.074967785932049995e-03,2.828590996790581250e-02,9.600174294632936312e-02
9.046263308333593045e-01,0.000000000000000000e+00,1.667745948997122413e-03,3.045461989444480863e-02,6.325130332319874038e-02
7.586759275867587249e-01,6.400584500050360282e-02,0.000000000000000000e+00,2.370580784397459395e-02,1.536124195687631200e-01
9.298405357754198075e-01,0.000000000000000000e+00,0.000000000000000000e+00,2.935760859026874392e-02,4.080185563431143470e-02
9.633359224208322136e-01,2.546250143865479761e-03,2.986345961413083318e-03,3.113148147388924286e-02,0.000000000000000000e+00
9.549270453496890854e-01,0.000000000000000000e+00,6.318372140609334123e-03,2.920841555736057929e-02,9.546166952341039388e-03
9.624878821641327242e-01,0.000000000000000000e+00,3.659249902653438809e-03,3.385286793321384130e-02,0.000000000000000000e+00
8.668096454801715867e-01,0.000000000000000000e+00,8.031715874215637416e-04,2.940369241602736397e-02,1.029834905163794639e-01
8.359953269793475306e-01,3.034487669604196691e-02,0.000000000000000000e+00,2.895377837434372562e-02,1.047060179502667804e-01
9.576711032028863979e-01,0.000000000000000000e+00,0.000000000000000000e+00,3.206820000866057729e-02,1.026069678845312888e-02
9.625907635138976071e-01,0.000000000000000000e+00,7.366383812088934079e-03,3.004285267401343371e-02,0.000000000000000000e+00
9.295820464241264514e-01,0.000000000000000000e+00,4.036202648791460679e-03,2.930352385096223963e-02,3.707822707611973384e-02
9.275684148436238452e-01,2.904145368943321717e-02,0.000000000000000000e+00,2.926770043568488813e-02,1.412243103125810501e-02
9.258437418545111264e-01,0.000000000000000000e+00,2.153638250286057758e-03,3.152275731134300540e-02,4.047986258385972980e-02
9.681250846452689185e-01,0.000000000000000000e+00,0.000000000000000000e+00,3.187491535473110926e-02,0.000000000000000000e+00
9.608086061727310057e-01,0.000000000000000000e+00,6.790866860886253346e-03,3.240052696638265339e-02,0.000000000000000000e+00
7.875252456546942836e-01,0.000000000000000000e+00,4.681543333626917032e-04,2.481304163331116489e-02,1.871935583786319413e-01
9.448868765935689584e-01,0.000000000000000000e+00,4.364826863916736362e-03,2.948034065176342866e-02,2.126795589075089823e-02
9.076995399385381358e-01,0.000000000000000000e+00,0.000000000000000000e+00,2.990788078542861231e-02,6.239257927603338028e-02
9.630862788686697096e-01,0.000000000000000000e+00,6.323269572186945679e-03,3.059045155914322592e-02,0.000000000000000000e+00
8.130822021337666961e-01,0.000000000000000000e+00,5.452304804502181718e-03,2.790437711384768232e-02,1.535611159478834087e-01
