# DNRN, Denitrification, Anammox, Nitrite Oxidation, CaCO3 Dissolution 
6.290038517288486508e-01,0.000000000000000000e+00,0.000000000000000000e+00,2.636598931432642887e-02,3.446301589568250279e-01
6.205279929513346504e-01,0.000000000000000000e+00,0.000000000000000000e+00,2.611822961875604615e-02,3.533537774299093104e-01
6.262634217229867684e-01,0.000000000000000000e+00,0.000000000000000000e+00,2.637502517743251992e-02,3.473615530995806666e-01
6.274481940834726323e-01,0.000000000000000000e+00,0.000000000000000000e+00,2.649151783698001916e-02,3.460602880795471958e-01
6.239351898606362301e-01,0.000000000000000000e+00,0.000000000000000000e+00,2.617650427253771783e-02,3.498883058668260104e-01
6.206231244458005891e-01,0.000000000000000000e+00,0.000000000000000000e+00,2.628394065077015174e-02,3.530929349034292453e-01
6.299840777586482865e-01,0.000000000000000000e+00,0.000000000000000000e+00,2.645493544825291629e-02,3.435609867930988770e-01
6.257132713401234447e-01,0.000000000000000000e+00,0.000000000000000000e+00,2.631405652720114272e-02,3.479726721326754646e-01
6.229010799853590408e-01,0.000000000000000000e+00,0.000000000000000000e+00,2.612459491127249941e-02,3.509743251033684563e-01
6.248558468209772787e-01,0.000000000000000000e+00,0.000000000000000000e+00,2.610657448497140029e-02,3.490375786940514424e-01
6.281990785599010918e-01,0.000000000000000000e+00,0.000000000000000000e+00,2.626601482415874544e-02,3.455349066159401628e-01
6.201325731096187788e-01,0.000000000000000000e+00,0.000000000000000000e+00,2.612453948006385196e-02,3.537428874103173970e-01
6.293849755070859420e-01,0.000000000000000000e+00,0.000000000000000000e+00,2.641591250273064503e-02,3.441991119901833818e-01
6.235742761319983396e-01,0.000000000000000000e+00,0.000000000000000000e+00,2.630247695919456577e-02,3.501232469088071952e-01
6.234941131050113494e-01,0.000000000000000000e+00,0.000000000000000000e+00,2.625523411247732142e-02,3.502506527825113292e-01
6.225356936354584647e-01,0.000000000000000000e+00,0.000000000000000000e+00,2.603261740297924814e-02,3.514316889615622386e-01
6.290655073199763470e-01,0.000000000000000000e+00,0.000000000000000000e+00,2.626243448775616648e-02,3.446720581922674831e-01
6.262066813219744343e-01,0.000000000000000000e+00,0.000000000000000000e+00,2.637642560611979520e-02,3.474168930719058190e-01
6.226127984967186890e-01,0.000000000000000000e+00,0.000000000000000000e+00,2.632775598639318718e-02,3.510594455168881134e-01
6.233065254355073526e-01,0.000000000000000000e+00,0.000000000000000000e+00,2.612479217917164712e-02,3.505686823853209622e-01
6.366727123989778248e-01,0.000000000000000000e+00,0.000000000000000000e+00,2.666957172190584022e-02,3.366577158791164703e-01
6.191983344143743295e-01,0.000000000000000000e+00,0.000000000000000000e+00,2.587313892751669578e-02,3.549285266581088116e-01
6.279037730805384632e-01,0.000000000000000000e+00,0.000000000000000000e+00,2.632978979281050749e-02,3.457664371266511716e-01
6.291185586829903809e-01,0.000000000000000000e+00,0.000000000000000000e+00,2.645431497253774092e-02,3.444271263444719233e-01
6.167832699654484108e-01,0.000000000000000000e+00,0.000000000000000000e+00,2.617836914890828842e-02,3.570383608856433910e-01
6.210501522700666577e-01,0.000000000000000000e+00,0.000000000000000000e+00,2.607035004832550240e-02,3.528794976816080342e-01
6.200600355951938480e-01,0.000000000000000000e+00,0.000000000000000000e+00,2.613679572304342114e-02,3.538031686817627031e-01
6.234603273044863059e-01,0.000000000000000000e+00,0.000000000000000000e+00,2.607424494362958409e-02,3.504654277518841621e-01
6.253063629324031591e-01,0.000000000000000000e+00,0.000000000000000000e+00,2.619659704377129764e-02,3.484970400238255883e-01
6.216815138087612436e-01,0.000000000000000000e+00,0.000000000000000000e+00,2.629096561954902614e-02,3.520275205716896227e-01
6.120490678298673437e-01,0.000000000000000000e+00,0.000000000000000000e+00,2.580175521361904173e-02,3.621491769565135521e-01
6.234583359239592726e-01,0.000000000000000000e+00,0.000000000000000000e+00,2.612178666126297941e-02,3.504198774147777029e-01
6.228849505643295759e-01,0.000000000000000000e+00,0.000000000000000000e+00,2.618463767903119258e-02,3.509304117566392489e-01
6.239076483084836644e-01,0.000000000000000000e+00,0.000000000000000000e+00,2.624166098428864016e-02,3.498506907072276850e-01
6.281123723973024431e-01,0.000000000000000000e+00,0.000000000000000000e+00,2.642674144797467137e-02,3.454608861547228682e-01
6.271228450184633818e-01,0.000000000000000000e+00,0.000000000000000000e+00,2.616196615083014182e-02,3.467151888307065111e-01
6.306557968012297399e-01,0.000000000000000000e+00,0.000000000000000000e+00,2.649217399478793686e-02,3.428520292039822226e-01
6.173508104674433339e-01,0.000000000000000000e+00,0.000000000000000000e+00,2.594678545758861282e-02,3.567024040749680602e-01
6.274900604897785117e-01,0.000000000000000000e+00,0.000000000000000000e+00,2.628312016179202085e-02,3.462268193484294154e-01
6.289045268189417115e-01,0.000000000000000000e+00,0.000000000000000000e+00,2.647110811983129086e-02,3.446243650612269560e-01
6.284933535246844949e-01,0.000000000000000000e+00,0.000000000000000000e+00,2.637650938468592485e-02,3.451301370906296184e-01
6.235598720425101771e-01,0.000000000000000000e+00,0.000000000000000000e+00,2.620545713895499132e-02,3.502346708185349322e-01
6.271451067133033686e-01,0.000000000000000000e+00,0.000000000000000000e+00,2.633824753198684213e-02,3.465166457547098067e-01
6.221528492342641714e-01,0.000000000000000000e+00,0.000000000000000000e+00,2.616687285366598587e-02,3.516802779120697942e-01
6.206692743199213602e-01,0.000000000000000000e+00,0.000000000000000000e+00,2.612966931710603707e-02,3.532010563629724431e-01
6.228268121383384592e-01,0.000000000000000000e+00,0.000000000000000000e+00,2.612014493771652388e-02,3.510530429239449579e-01
6.250451875546145786e-01,0.000000000000000000e+00,0.000000000000000000e+00,2.627737066874128238e-02,3.486774417766441703e-01
6.209553536712806299e-01,0.000000000000000000e+00,0.000000000000000000e+00,2.620910549158435646e-02,3.528355408371349755e-01
6.210299097108864519e-01,0.000000000000000000e+00,0.000000000000000000e+00,2.625739507244650994e-02,3.527126952166670937e-01
6.191614860481352567e-01,0.000000000000000000e+00,0.000000000000000000e+00,2.605196652270617280e-02,3.547865474291584942e-01
6.260912909098821366e-01,0.000000000000000000e+00,0.000000000000000000e+00,2.621231872965465448e-02,3.476963903604633477e-01
6.253780804365983714e-01,0.000000000000000000e+00,0.000000000000000000e+00,2.645722619084216187e-02,3.481646933725596194e-01
6.257104789602802031e-01,0.000000000000000000e+00,0.000000000000000000e+00,2.621647170103919705e-02,3.480730493386806068e-01
6.202995594895499565e-01,0.000000000000000000e+00,0.000000000000000000e+00,2.617592910641609177e-02,3.535245114040340142e-01
6.316112686075550098e-01,0.000000000000000000e+00,0.000000000000000000e+00,2.644590181652363078e-02,3.419428295759212588e-01
6.254738596212623403e-01,0.000000000000000000e+00,0.000000000000000000e+00,2.628296634020617709e-02,3.482431740385316110e-01
6.259467460701226837e-01,0.000000000000000000e+00,0.000000000000000000e+00,2.630279638506726261e-02,3.477504575448099877e-01
6.200946299620968549e-01,0.000000000000000000e+00,0.000000000000000000e+00,2.617086998067015557e-02,3.537345000572330034e-01
6.299035775234278489e-01,0.000000000000000000e+00,0.000000000000000000e+00,2.646481791198575587e-02,3.436316045645863571e-01
6.251849124334777352e-01,0.000000000000000000e+00,0.000000000000000000e+00,2.628627007414505168e-02,3.485288174923771298e-01
6.263515425196710673e-01,0.000000000000000000e+00,0.000000000000000000e+00,2.652885195654242773e-02,3.471196055237864564e-01
6.259645553978070431e-01,0.000000000000000000e+00,0.000000000000000000e+00,2.635795451167627021e-02,3.476774900905165722e-01
6.249433328823502665e-01,0.000000000000000000e+00,0.000000000000000000e+00,2.636564445482208682e-02,3.486910226628276432e-01
6.274172505661052002e-01,0.000000000000000000e+00,0.000000000000000000e+00,2.640279248826785455e-02,3.461799569456268100e-01
6.216489357616251654e-01,0.000000000000000000e+00,0.000000000000000000e+00,2.611557925703150707e-02,3.522354849813434385e-01
6.318062722317714375e-01,0.000000000000000000e+00,0.000000000000000000e+00,2.646968507075404473e-02,3.417240426974743617e-01
6.267269721600270405e-01,0.000000000000000000e+00,0.000000000000000000e+00,2.625614430902267760e-02,3.470168835309503375e-01
6.199754474080095834e-01,0.000000000000000000e+00,0.000000000000000000e+00,2.607028029787563511e-02,3.539542722941148578e-01
6.215863161420313032e-01,0.000000000000000000e+00,0.000000000000000000e+00,2.619722689343977062e-02,3.522164569645288013e-01
6.198648792074131775e-01,0.000000000000000000e+00,0.000000000000000000e+00,2.610034603919860266e-02,3.540347747533882372e-01
6.275666330985121277e-01,0.000000000000000000e+00,0.000000000000000000e+00,2.647874995999755995e-02,3.459546169414901562e-01
6.296509049438692163e-01,0.000000000000000000e+00,0.000000000000000000e+00,2.638159721930545543e-02,3.439674978368253977e-01
6.205586426119532595e-01,0.000000000000000000e+00,0.000000000000000000e+00,2.602744395169896696e-02,3.534139134363475931e-01
6.272203415692962913e-01,0.000000000000000000e+00,0.000000000000000000e+00,2.650490145597939051e-02,3.462747569747242626e-01
6.195885561374031569e-01,0.000000000000000000e+00,0.000000000000000000e+00,2.611694856133563863e-02,3.542944953012611697e-01
6.204107126569006203e-01,0.000000000000000000e+00,0.000000000000000000e+00,2.595731039262978018e-02,3.536319769504696064e-01
6.236391269628009937e-01,0.000000000000000000e+00,0.000000000000000000e+00,2.612665890999795251e-02,3.502342141272011267e-01
6.211992965768255992e-01,0.000000000000000000e+00,0.000000000000000000e+00,2.629775682464775832e-02,3.525029465985267119e-01
6.175660654221452051e-01,0.000000000000000000e+00,0.000000000000000000e+00,2.599524976063657608e-02,3.564386848172181876e-01
6.179177735656736781e-01,0.000000000000000000e+00,0.000000000000000000e+00,2.614463856439110459e-02,3.559375878699352902e-01
6.212734577639763556e-01,0.000000000000000000e+00,0.000000000000000000e+00,2.613027885248365295e-02,3.525962633835399984e-01
6.231073468475785138e-01,0.000000000000000000e+00,0.000000000000000000e+00,2.625691324058469084e-02,3.506357399118368856e-01
6.319848906409727407e-01,0.000000000000000000e+00,0.000000000000000000e+00,2.657415050270026113e-02,3.414409588563270814e-01
6.276300938299186338e-01,0.000000000000000000e+00,0.000000000000000000e+00,2.644642499687442638e-02,3.459234811732069259e-01
6.223010212721693524e-01,0.000000000000000000e+00,0.000000000000000000e+00,2.620336636960927598e-02,3.514956123582212988e-01
6.295791259830092468e-01,0.000000000000000000e+00,0.000000000000000000e+00,2.652348263167485926e-02,3.438973913853157760e-01
6.287468938751985537e-01,0.000000000000000000e+00,0.000000000000000000e+00,2.655492976101840250e-02,3.446981763637831375e-01
6.242515995153014030e-01,0.000000000000000000e+00,0.000000000000000000e+00,2.628545137667274989e-02,3.494629491080257222e-01
6.273017590948397615e-01,0.000000000000000000e+00,0.000000000000000000e+00,2.642757060551736634e-02,3.462706702996426467e-01
6.255789164415607173e-01,0.000000000000000000e+00,0.000000000000000000e+00,2.626858615995748825e-02,3.481524973984816973e-01
6.256080192940360885e-01,0.000000000000000000e+00,0.000000000000000000e+00,2.631363321258332888e-02,3.480783474933805688e-01
6.213257073586615498e-01,0.000000000000000000e+00,0.000000000000000000e+00,2.626224509629932272e-02,3.524120475450390755e-01
6.190162123923528270e-01,0.000000000000000000e+00,0.000000000000000000e+00,2.609301127902942039e-02,3.548907763286176520e-01
6.240468131174053967e-01,0.000000000000000000e+00,0.000000000000000000e+00,2.629361976683631391e-02,3.496595671157583518e-01
6.217280744931890091e-01,0.000000000000000000e+00,0.000000000000000000e+00,2.604579517411643313e-02,3.522261303326945092e-01
6.236299251098557095e-01,0.000000000000000000e+00,0.000000000000000000e+00,2.625047894173459032e-02,3.501195959484096343e-01
6.200696463116597279e-01,0.000000000000000000e+00,0.000000000000000000e+00,2.612824054302077814e-02,3.538021131453195633e-01
6.200345813293927089e-01,0.000000000000000000e+00,0.000000000000000000e+00,2.611297938374487759e-02,3.538524392868624968e-01
6.221671232051746436e-01,0.000000000000000000e+00,0.000000000000000000e+00,2.620470722476394079e-02,3.516281695700614329e-01
6.261667714376236704e-01,0.000000000000000000e+00,0.000000000000000000e+00,2.624682925178151160e-02,3.475863993105948735e-01
6.349911217610147984e-01,0.000000000000000000e+00,0.000000000000000000e+00,2.664837132085851393e-02,3.383605069181266356e-01
6.281937800484665990e-01,0.000000000000000000e+00,0.000000000000000000e+00,2.645026510552022161e-02,3.453559548460132800e-01
6.233047739405657151e-01,0.000000000000000000e+00,0.000000000000000000e+00,2.630008606594160317e-02,3.503951399934926991e-01
6.214090306656401275e-01,0.000000000000000000e+00,0.000000000000000000e+00,2.624832051483744905e-02,3.523426488195224304e-01
6.241933529720956608e-01,0.000000000000000000e+00,0.000000000000000000e+00,2.619118777544893542e-02,3.496154592524554072e-01
6.198243294860432684e-01,0.000000000000000000e+00,0.000000000000000000e+00,2.612507238264751008e-02,3.540505981313091244e-01
6.278035927723315535e-01,0.000000000000000000e+00,0.000000000000000000e+00,2.639289496019240136e-02,3.458035122674761874e-01
6.228080317446286207e-01,0.000000000000000000e+00,0.000000000000000000e+00,2.614323240421434491e-02,3.510487358511570899e-01
6.256116281358865550e-01,0.000000000000000000e+00,0.000000000000000000e+00,2.634896430342633170e-02,3.480394075606870197e-01
6.232417094639873811e-01,0.000000000000000000e+00,0.000000000000000000e+00,2.625146604161860200e-02,3.505068244943941314e-01
6.271563648387835643e-01,0.000000000000000000e+00,0.000000000000000000e+00,2.634853163061626896e-02,3.464951035306002014e-01
6.280526092374529856e-01,0.000000000000000000e+00,0.000000000000000000e+00,2.639016730103709713e-02,3.455572234615099658e-01
6.246995188326883719e-01,0.000000000000000000e+00,0.000000000000000000e+00,2.625729118637824475e-02,3.490431899809333660e-01
6.243561249579039352e-01,0.000000000000000000e+00,0.000000000000000000e+00,2.621276565402678657e-02,3.494311093880693164e-01
6.281274732808292960e-01,0.000000000000000000e+00,0.000000000000000000e+00,2.636366835583004928e-02,3.455088583633407207e-01
6.215810860670600846e-01,0.000000000000000000e+00,0.000000000000000000e+00,2.618391252663905891e-02,3.522350014063008738e-01
6.230196170894525265e-01,0.000000000000000000e+00,0.000000000000000000e+00,2.624873474943021506e-02,3.507316481611172931e-01
6.250576112015323593e-01,0.000000000000000000e+00,0.000000000000000000e+00,2.634749393851430754e-02,3.485948948599532082e-01
6.316818147542831996e-01,0.000000000000000000e+00,0.000000000000000000e+00,2.648002218707480593e-02,3.418381630586420639e-01
6.171961825995809781e-01,0.000000000000000000e+00,0.000000000000000000e+00,2.610118343363578355e-02,3.567026339667832002e-01
6.228854667571694925e-01,0.000000000000000000e+00,0.000000000000000000e+00,2.639679042210562807e-02,3.507177428207248759e-01
6.209526335488534388e-01,0.000000000000000000e+00,0.000000000000000000e+00,2.614557954228573927e-02,3.529017869088609816e-01
6.277159169271989692e-01,0.000000000000000000e+00,0.000000000000000000e+00,2.647461179965450440e-02,3.458094712731465958e-01
6.175138642014323942e-01,0.000000000000000000e+00,0.000000000000000000e+00,2.607693794964674808e-02,3.564091978489208890e-01
6.234850922935584183e-01,0.000000000000000000e+00,0.000000000000000000e+00,2.627177237958462641e-02,3.502431353268571357e-01
6.259054544921162089e-01,0.000000000000000000e+00,0.000000000000000000e+00,2.639783747600259536e-02,3.476967080318812409e-01
6.207294012799963179e-01,0.000000000000000000e+00,0.000000000000000000e+00,2.630518197906351469e-02,3.529654167409402299e-01
6.240452669467371205e-01,0.000000000000000000e+00,0.000000000000000000e+00,2.625358758715622826e-02,3.497011454661068108e-01
6.256193930088866928e-01,0.000000000000000000e+00,0.000000000000000000e+00,2.615594456465852868e-02,3.482246624264546120e-01
6.247518801378942888e-01,0.000000000000000000e+00,0.000000000000000000e+00,2.633249825275101735e-02,3.489156216093545204e-01
6.222247516819423563e-01,0.000000000000000000e+00,0.000000000000000000e+00,2.648174753994891537e-02,3.512935007781089469e-01
6.170003249709604676e-01,0.000000000000000000e+00,0.000000000000000000e+00,2.603520038542270557e-02,3.569644746436169691e-01
6.339715405687957883e-01,0.000000000000000000e+00,0.000000000000000000e+00,2.663895550034051443e-02,3.393895039308638117e-01
6.219066675504821839e-01,0.000000000000000000e+00,0.000000000000000000e+00,2.625036560938014477e-02,3.518429668401377719e-01
6.319838848081087423e-01,0.000000000000000000e+00,0.000000000000000000e+00,2.648501765822618148e-02,3.415310975336652843e-01
6.240444860219106493e-01,0.000000000000000000e+00,0.000000000000000000e+00,2.631792889417037054e-02,3.496375850839189003e-01
6.170400977941086218e-01,0.000000000000000000e+00,0.000000000000000000e+00,2.602401470655344926e-02,3.569358874993379671e-01
6.228694336212234894e-01,0.000000000000000000e+00,0.000000000000000000e+00,2.619997450611860970e-02,3.509305918726579598e-01
6.204456578285733048e-01,0.000000000000000000e+00,0.000000000000000000e+00,2.624081681981821346e-02,3.533135253516084817e-01
6.272853210480192621e-01,0.000000000000000000e+00,0.000000000000000000e+00,2.635227828529907584e-02,3.463624006666816690e-01
6.290574111208258046e-01,0.000000000000000000e+00,0.000000000000000000e+00,2.655965362221611795e-02,3.443829352569581781e-01
6.335115402128158602e-01,0.000000000000000000e+00,0.000000000000000000e+00,2.658188554955405111e-02,3.399065742376299881e-01
6.286549191016497229e-01,0.000000000000000000e+00,0.000000000000000000e+00,2.638568535284288932e-02,3.449593955455074745e-01
6.273785479562896672e-01,0.000000000000000000e+00,0.000000000000000000e+00,2.648598716694621283e-02,3.461354648767640541e-01
6.279352258203261261e-01,0.000000000000000000e+00,0.000000000000000000e+00,2.645854687268456643e-02,3.456062273069892554e-01
6.220610184377323160e-01,0.000000000000000000e+00,0.000000000000000000e+00,2.614207306300523823e-02,3.517969084992624840e-01
6.303065557898053228e-01,0.000000000000000000e+00,0.000000000000000000e+00,2.649774726990775792e-02,3.431956969402867319e-01
6.317721201263902797e-01,0.000000000000000000e+00,0.000000000000000000e+00,2.650392267156622891e-02,3.417239572020435157e-01
6.204762701305270856e-01,0.000000000000000000e+00,0.000000000000000000e+00,2.616215298028031974e-02,3.533615768891925080e-01
6.259666393353754410e-01,0.000000000000000000e+00,0.000000000000000000e+00,2.648470874701475478e-02,3.475486519176098077e-01
6.213751207383781949e-01,0.000000000000000000e+00,0.000000000000000000e+00,2.632970361233228501e-02,3.522951756492894715e-01
6.219274508553650493e-01,0.000000000000000000e+00,0.000000000000000000e+00,2.606506183149591427e-02,3.520074873131390225e-01
6.201673896700831135e-01,0.000000000000000000e+00,0.000000000000000000e+00,2.590949530410067286e-02,3.539231150258162484e-01
6.217608189794234796e-01,0.000000000000000000e+00,0.000000000000000000e+00,2.606177345550855784e-02,3.521774075650678792e-01
6.249098172999241196e-01,0.000000000000000000e+00,0.000000000000000000e+00,2.621741675367396038e-02,3.488727659464019304e-01
6.285862587569936988e-01,0.000000000000000000e+00,0.000000000000000000e+00,2.635780190239501997e-02,3.450559393406111841e-01
6.242016101627003710e-01,0.000000000000000000e+00,0.000000000000000000e+00,2.627409161685333519e-02,3.495242982204462834e-01
6.289959412833751040e-01,0.000000000000000000e+00,0.000000000000000000e+00,2.638767849951239794e-02,3.446163802171124946e-01
6.334203604349841754e-01,0.000000000000000000e+00,0.000000000000000000e+00,2.664718271532602947e-02,3.399324568496897014e-01
6.247829273785792115e-01,0.000000000000000000e+00,0.000000000000000000e+00,2.627847534328978454e-02,3.489385972781310907e-01
6.242849074682554900e-01,0.000000000000000000e+00,0.000000000000000000e+00,2.614030497513331053e-02,3.495747875566110885e-01
6.266744895736183762e-01,0.000000000000000000e+00,0.000000000000000000e+00,2.627953537455628499e-02,3.470459750518253284e-01
6.248227733007630791e-01,0.000000000000000000e+00,0.000000000000000000e+00,2.638975428627122338e-02,3.487874724129655934e-01
6.253273590915006119e-01,0.000000000000000000e+00,0.000000000000000000e+00,2.638368870958546220e-02,3.482889521989138704e-01
6.322137726242632594e-01,0.000000000000000000e+00,0.000000000000000000e+00,2.662500344343237194e-02,3.411612239323042473e-01
6.329668336681243401e-01,0.000000000000000000e+00,0.000000000000000000e+00,2.655294549455780584e-02,3.404802208373179928e-01
6.250903876591882291e-01,0.000000000000000000e+00,0.000000000000000000e+00,2.634234079437587292e-02,3.485672715464358529e-01
6.217067995170304506e-01,0.000000000000000000e+00,0.000000000000000000e+00,2.618773917080036498e-02,3.521054613121693544e-01
6.372911660659249522e-01,0.000000000000000000e+00,0.000000000000000000e+00,2.682217664727572920e-02,3.358866572867992839e-01
6.243454215194145229e-01,0.000000000000000000e+00,0.000000000000000000e+00,2.625441837070469769e-02,3.494001601098807863e-01
6.227898526122623846e-01,0.000000000000000000e+00,0.000000000000000000e+00,2.624206146224333444e-02,3.509680859254943885e-01
6.238786529385712543e-01,0.000000000000000000e+00,0.000000000000000000e+00,2.632268124823253924e-02,3.497986658131961857e-01
6.293529154813918280e-01,0.000000000000000000e+00,0.000000000000000000e+00,2.638249154114008857e-02,3.442645929774680869e-01
6.235093129842261828e-01,0.000000000000000000e+00,0.000000000000000000e+00,2.627595742192555955e-02,3.502147295938483618e-01
6.213730016403152812e-01,0.000000000000000000e+00,0.000000000000000000e+00,2.609138121918623196e-02,3.525356171404985250e-01
6.319310837933791447e-01,0.000000000000000000e+00,0.000000000000000000e+00,2.652390609446723599e-02,3.415450101121536020e-01
6.255508095915279787e-01,0.000000000000000000e+00,0.000000000000000000e+00,2.632577920782132666e-02,3.481234112006507120e-01
6.226816542135179544e-01,0.000000000000000000e+00,0.000000000000000000e+00,2.625116560795281648e-02,3.510671801785293367e-01
6.222678553318869987e-01,0.000000000000000000e+00,0.000000000000000000e+00,2.615975409018118231e-02,3.515723905779318259e-01
6.295050820484109355e-01,0.000000000000000000e+00,0.000000000000000000e+00,2.645801208073861321e-02,3.440369058708505068e-01
6.269620258837466098e-01,0.000000000000000000e+00,0.000000000000000000e+00,2.643363915713130632e-02,3.466043349591221845e-01
6.196683651781609292e-01,0.000000000000000000e+00,0.000000000000000000e+00,2.615761839242334436e-02,3.541740164294155946e-01
6.272999607610900696e-01,0.000000000000000000e+00,0.000000000000000000e+00,2.638443449556957671e-02,3.463156047433404439e-01
6.214967487323445061e-01,0.000000000000000000e+00,0.000000000000000000e+00,2.601422282922699614e-02,3.524890284384286088e-01
6.223193780588371915e-01,0.000000000000000000e+00,0.000000000000000000e+00,2.625381238369609363e-02,3.514268095574666906e-01
6.250254573239737432e-01,0.000000000000000000e+00,0.000000000000000000e+00,2.610961900129853477e-02,3.488649236747277116e-01
6.227096134346586931e-01,0.000000000000000000e+00,0.000000000000000000e+00,2.615856701965860870e-02,3.511318195456828439e-01
6.306022078019606347e-01,0.000000000000000000e+00,0.000000000000000000e+00,2.670866044459230607e-02,3.426891317534471182e-01
6.171020970095555391e-01,0.000000000000000000e+00,0.000000000000000000e+00,2.591597228196837119e-02,3.569819307084761140e-01
6.217534378899364222e-01,0.000000000000000000e+00,0.000000000000000000e+00,2.627600281846636035e-02,3.519705592915973180e-01
6.213712542987075427e-01,0.000000000000000000e+00,0.000000000000000000e+00,2.611607289013285343e-02,3.525126728111596663e-01
6.199495636214802374e-01,0.000000000000000000e+00,0.000000000000000000e+00,2.613330154120110937e-02,3.539171348373186254e-01
6.294489821150861530e-01,0.000000000000000000e+00,0.000000000000000000e+00,2.633881844780451564e-02,3.442121994371092897e-01
6.325742216654149930e-01,0.000000000000000000e+00,0.000000000000000000e+00,2.652706237988538066e-02,3.408987159546995604e-01
6.276237889638225376e-01,0.000000000000000000e+00,0.000000000000000000e+00,2.652819478321959829e-02,3.458480162529578572e-01
6.194512492765059664e-01,0.000000000000000000e+00,0.000000000000000000e+00,2.596948409051537746e-02,3.545792666329785070e-01
6.221346007866210837e-01,0.000000000000000000e+00,0.000000000000000000e+00,2.626095209370666456e-02,3.516044471196722587e-01
6.270571492925447465e-01,0.000000000000000000e+00,0.000000000000000000e+00,2.638892405362334298e-02,3.465539266538321117e-01
6.250925427835966053e-01,0.000000000000000000e+00,0.000000000000000000e+00,2.624014857573187670e-02,3.486673086406716360e-01
6.196827497644880056e-01,0.000000000000000000e+00,0.000000000000000000e+00,2.607679774534132217e-02,3.542404524901706653e-01
6.294891168985788932e-01,0.000000000000000000e+00,0.000000000000000000e+00,2.652290926955605879e-02,3.439879738318650237e-01
6.199404612186896202e-01,0.000000000000000000e+00,0.000000000000000000e+00,2.619036239464621330e-02,3.538691763866640416e-01
6.273561514724654842e-01,0.000000000000000000e+00,0.000000000000000000e+00,2.640151268265054571e-02,3.462423358448839528e-01
6.268908841197147197e-01,0.000000000000000000e+00,0.000000000000000000e+00,2.644712968766628480e-02,3.466619861926189539e-01
6.330106257121439484e-01,0.000000000000000000e+00,0.000000000000000000e+00,2.655635948322055545e-02,3.404330148046355031e-01
6.224347735929904868e-01,0.000000000000000000e+00,0.000000000000000000e+00,2.629579113070619478e-02,3.512694352763033878e-01
6.244105786724921670e-01,0.000000000000000000e+00,0.000000000000000000e+00,2.623144927672197910e-02,3.493579720507858366e-01
6.288128676982934762e-01,0.000000000000000000e+00,0.000000000000000000e+00,2.638887983621437949e-02,3.447982524654921721e-01
6.244514791730172432e-01,0.000000000000000000e+00,0.000000000000000000e+00,2.627454332169546283e-02,3.492739775052871587e-01
6.236514714160382722e-01,0.000000000000000000e+00,0.000000000000000000e+00,2.621393878227464003e-02,3.501345898016872127e-01
6.236138238928884414e-01,0.000000000000000000e+00,0.000000000000000000e+00,2.629551107559046849e-02,3.500906650315210866e-01
6.307467624347181667e-01,0.000000000000000000e+00,0.000000000000000000e+00,2.660120555112664362e-02,3.426520320141552278e-01
6.261903497322091061e-01,0.000000000000000000e+00,0.000000000000000000e+00,2.641105325730124312e-02,3.473985970104897514e-01
6.283890764676499652e-01,0.000000000000000000e+00,0.000000000000000000e+00,2.625195453918901037e-02,3.453589689931609863e-01
6.284810475696070986e-01,0.000000000000000000e+00,0.000000000000000000e+00,2.647139920355092574e-02,3.450475532268419410e-01
6.263806901467205979e-01,0.000000000000000000e+00,0.000000000000000000e+00,2.632672024514041281e-02,3.472925896081389685e-01
6.243622991850944492e-01,0.000000000000000000e+00,0.000000000000000000e+00,2.623668912209308618e-02,3.494010116928124576e-01
6.287153395179063686e-01,0.000000000000000000e+00,0.000000000000000000e+00,2.650764453051776201e-02,3.447770159515759492e-01
6.232550346806268182e-01,0.000000000000000000e+00,0.000000000000000000e+00,2.609748290072641183e-02,3.506474824186467387e-01
6.230282101447560672e-01,0.000000000000000000e+00,0.000000000000000000e+00,2.610321651759535747e-02,3.508685733376485372e-01
6.129507141476763232e-01,0.000000000000000000e+00,0.000000000000000000e+00,2.594176948833427573e-02,3.611075163639894114e-01
6.121831300751775506e-01,0.000000000000000000e+00,0.000000000000000000e+00,2.577555564357563930e-02,3.620413142812468621e-01
6.293180007458015757e-01,0.000000000000000000e+00,0.000000000000000000e+00,2.631718508616175470e-02,3.443648141680366037e-01
6.206634251236154975e-01,0.000000000000000000e+00,0.000000000000000000e+00,2.621441965602353333e-02,3.531221552203610559e-01
6.245861056536670119e-01,0.000000000000000000e+00,0.000000000000000000e+00,2.617991557614095244e-02,3.492339787701920772e-01
6.255274113803270808e-01,0.000000000000000000e+00,0.000000000000000000e+00,2.650285741225426664e-02,3.479697312074186422e-01
6.205999757145200801e-01,0.000000000000000000e+00,0.000000000000000000e+00,2.615145198270618990e-02,3.532485723027737334e-01
6.191861634388703406e-01,0.000000000000000000e+00,0.000000000000000000e+00,2.611358282938550102e-02,3.547002537317440751e-01
6.082753555404434298e-01,0.000000000000000000e+00,0.000000000000000000e+00,2.557854688350059275e-02,3.661460975760558734e-01
6.224835850850831687e-01,0.000000000000000000e+00,0.000000000000000000e+00,2.609838963565256492e-02,3.514180252792641901e-01
6.215973270141373908e-01,0.000000000000000000e+00,0.000000000000000000e+00,2.613326105200929408e-02,3.522694119338533603e-01
6.280054898414657583e-01,0.000000000000000000e+00,0.000000000000000000e+00,2.646613648798000484e-02,3.455283736705541675e-01
6.207588036760565142e-01,0.000000000000000000e+00,0.000000000000000000e+00,2.612208811755612273e-02,3.531191082063873665e-01
6.257773563352313495e-01,0.000000000000000000e+00,0.000000000000000000e+00,2.634387931999959687e-02,3.478787643447691091e-01
6.215237224006003869e-01,0.000000000000000000e+00,0.000000000000000000e+00,2.621919556971824550e-02,3.522570820296812566e-01
6.266053190684511831e-01,0.000000000000000000e+00,0.000000000000000000e+00,2.650285078568244759e-02,3.468918301458663866e-01
6.368381842576318341e-01,0.000000000000000000e+00,0.000000000000000000e+00,2.673650264560052323e-02,3.364253130967675420e-01
6.147282137300629223e-01,0.000000000000000000e+00,0.000000000000000000e+00,2.594841904433498742e-02,3.593233672256020417e-01
6.209879561449165308e-01,0.000000000000000000e+00,0.000000000000000000e+00,2.615470283599544143e-02,3.528573410190881665e-01
6.309957024008964188e-01,0.000000000000000000e+00,0.000000000000000000e+00,2.650998938877764666e-02,3.424943082103258374e-01
6.228636643249813032e-01,0.000000000000000000e+00,0.000000000000000000e+00,2.623311134728821895e-02,3.509032243277305230e-01
6.180387908802429386e-01,0.000000000000000000e+00,0.000000000000000000e+00,2.612368528743589519e-02,3.558375238323212564e-01
6.229359454810291519e-01,0.000000000000000000e+00,0.000000000000000000e+00,2.639069279305572210e-02,3.506733617259150670e-01
6.269791619141872330e-01,0.000000000000000000e+00,0.000000000000000000e+00,2.625429026369938482e-02,3.467665478221133579e-01
6.288525803356075361e-01,0.000000000000000000e+00,0.000000000000000000e+00,2.649399121438570856e-02,3.446534284500065715e-01
6.214860033535012374e-01,0.000000000000000000e+00,0.000000000000000000e+00,2.609987381634889039e-02,3.524141228301498896e-01
6.277924752724408641e-01,0.000000000000000000e+00,0.000000000000000000e+00,2.642950037844290015e-02,3.457780243491163086e-01
6.212339860594557894e-01,0.000000000000000000e+00,0.000000000000000000e+00,2.629118138566611737e-02,3.524748325548782146e-01
6.279195478654638896e-01,0.000000000000000000e+00,0.000000000000000000e+00,2.639641316671318544e-02,3.456840389678227932e-01
6.308775432945890049e-01,0.000000000000000000e+00,0.000000000000000000e+00,2.670622820142875067e-02,3.424162285039822340e-01
6.250360621702518715e-01,0.000000000000000000e+00,0.000000000000000000e+00,2.621173550342161332e-02,3.487522023263265325e-01
6.234389946505635161e-01,0.000000000000000000e+00,0.000000000000000000e+00,2.606498563215612838e-02,3.504960197172801717e-01
6.202610005841786567e-01,0.000000000000000000e+00,0.000000000000000000e+00,2.614421246140122626e-02,3.535947869544202593e-01
6.232808007119938765e-01,0.000000000000000000e+00,0.000000000000000000e+00,2.635082751791167216e-02,3.503683717700943334e-01
6.240183555452006869e-01,0.000000000000000000e+00,0.000000000000000000e+00,2.641779317765164531e-02,3.495638512771475637e-01
6.297094856902120119e-01,0.000000000000000000e+00,0.000000000000000000e+00,2.637938758161371619e-02,3.439111267281741990e-01
6.154945727675188438e-01,0.000000000000000000e+00,0.000000000000000000e+00,2.603044747380819576e-02,3.584749797586728737e-01
6.193998098807863562e-01,0.000000000000000000e+00,0.000000000000000000e+00,2.619740053121043591e-02,3.544027895880031420e-01
6.206063943349411360e-01,0.000000000000000000e+00,0.000000000000000000e+00,2.621707175306349849e-02,3.531765339119953828e-01
6.252629331006739344e-01,0.000000000000000000e+00,0.000000000000000000e+00,2.618247579862988811e-02,3.485545911006960318e-01
6.269113624230624460e-01,0.000000000000000000e+00,0.000000000000000000e+00,2.632232952070800297e-02,3.467663080562295441e-01
6.203053046057257491e-01,0.000000000000000000e+00,0.000000000000000000e+00,2.608220104368218564e-02,3.536124943505920548e-01
6.251618036418330471e-01,0.000000000000000000e+00,0.000000000000000000e+00,2.626709226793593616e-02,3.485711040902308988e-01
6.260231707948875624e-01,0.000000000000000000e+00,0.000000000000000000e+00,2.650447867030054569e-02,3.474723505348117913e-01
6.250073595114062908e-01,0.000000000000000000e+00,0.000000000000000000e+00,2.623065330417657243e-02,3.487619871844170882e-01
6.203182559949579344e-01,0.000000000000000000e+00,0.000000000000000000e+00,2.623878397357835845e-02,3.534429600314638042e-01
6.318722839520976020e-01,0.000000000000000000e+00,0.000000000000000000e+00,2.657914251308540407e-02,3.415485735348168239e-01
6.354305193447773448e-01,0.000000000000000000e+00,0.000000000000000000e+00,2.679466478658417555e-02,3.377748158686385560e-01
6.201206105329349905e-01,0.000000000000000000e+00,0.000000000000000000e+00,2.598887387944141814e-02,3.538905155876236330e-01
6.247973172323669777e-01,0.000000000000000000e+00,0.000000000000000000e+00,2.628980199681058699e-02,3.489128807708225533e-01
6.308598942016983013e-01,0.000000000000000000e+00,0.000000000000000000e+00,2.651632091871698044e-02,3.426237848795848362e-01
6.251929561381759370e-01,0.000000000000000000e+00,0.000000000000000000e+00,2.626563782210665152e-02,3.485414060397173386e-01
6.224744289113839368e-01,0.000000000000000000e+00,0.000000000000000000e+00,2.616005064556845353e-02,3.513655204430475298e-01
6.258344496294170334e-01,0.000000000000000000e+00,0.000000000000000000e+00,2.624651224619948750e-02,3.479190381243836838e-01
6.284138613470935386e-01,0.000000000000000000e+00,0.000000000000000000e+00,2.632582591707162065e-02,3.452603127358349622e-01
6.198080091413632475e-01,0.000000000000000000e+00,0.000000000000000000e+00,2.592394873819562143e-02,3.542680421204411623e-01
6.286453291093315743e-01,0.000000000000000000e+00,0.000000000000000000e+00,2.638588881306813683e-02,3.449687820776003444e-01
6.210106154891142927e-01,0.000000000000000000e+00,0.000000000000000000e+00,2.639877417431570061e-02,3.525906103365700206e-01
6.249487267790121425e-01,0.000000000000000000e+00,0.000000000000000000e+00,2.644365502931143516e-02,3.486076181916765160e-01
6.230562320612502702e-01,0.000000000000000000e+00,0.000000000000000000e+00,2.616144568645636936e-02,3.507823222522933881e-01
6.270965514727682155e-01,0.000000000000000000e+00,0.000000000000000000e+00,2.624356555589979142e-02,3.466598829713321561e-01
6.194166260880552555e-01,0.000000000000000000e+00,0.000000000000000000e+00,2.612050943985167947e-02,3.544628644720930755e-01
6.267511807636736432e-01,0.000000000000000000e+00,0.000000000000000000e+00,2.633067305276587389e-02,3.469181461835604274e-01
6.261978585025052002e-01,0.000000000000000000e+00,0.000000000000000000e+00,2.645318331821562910e-02,3.473489581792790770e-01
6.234028450171090752e-01,0.000000000000000000e+00,0.000000000000000000e+00,2.625146307584320243e-02,3.503456919070477293e-01
6.201828256888766155e-01,0.000000000000000000e+00,0.000000000000000000e+00,2.617949682818867738e-02,3.536376774829346759e-01
6.253319634697217522e-01,0.000000000000000000e+00,0.000000000000000000e+00,2.619460889618833652e-02,3.484734276340899495e-01
6.271032232476129176e-01,0.000000000000000000e+00,0.000000000000000000e+00,2.634662837757284840e-02,3.465501483748141265e-01
6.194670958015890960e-01,0.000000000000000000e+00,0.000000000000000000e+00,2.623626196221024581e-02,3.542966422362006096e-01
6.212416200217365514e-01,0.000000000000000000e+00,0.000000000000000000e+00,2.609893715223793667e-02,3.526594428260255154e-01
6.331975109630274545e-01,0.000000000000000000e+00,0.000000000000000000e+00,2.657843666418623768e-02,3.402240523727863009e-01
6.298714350269917217e-01,0.000000000000000000e+00,0.000000000000000000e+00,2.634302448115202755e-02,3.437855404918562785e-01
6.246266977213357219e-01,0.000000000000000000e+00,0.000000000000000000e+00,2.632464337135700591e-02,3.490486589073073520e-01
6.279862647847012092e-01,0.000000000000000000e+00,0.000000000000000000e+00,2.651666711470760870e-02,3.454970681005913313e-01
6.357819427462528816e-01,0.000000000000000000e+00,0.000000000000000000e+00,2.676062334240369642e-02,3.374574339113435295e-01
6.234717329121702845e-01,0.000000000000000000e+00,0.000000000000000000e+00,2.615051542518458463e-02,3.503777516626451205e-01
6.269141444698356214e-01,0.000000000000000000e+00,0.000000000000000000e+00,2.625114553496079445e-02,3.468347099952036050e-01
6.286766066782157880e-01,0.000000000000000000e+00,0.000000000000000000e+00,2.650037392526304048e-02,3.448230193965212131e-01
6.264030531001515412e-01,0.000000000000000000e+00,0.000000000000000000e+00,2.650008479342589110e-02,3.470968621064223769e-01
6.229808800453501272e-01,0.000000000000000000e+00,0.000000000000000000e+00,2.637733101994843912e-02,3.506417889347013817e-01
6.266362456949633453e-01,0.000000000000000000e+00,0.000000000000000000e+00,2.656901808358358430e-02,3.467947362214530704e-01
6.178487353404120697e-01,0.000000000000000000e+00,0.000000000000000000e+00,2.611264274706449895e-02,3.560386219125233342e-01
6.212397767883355293e-01,0.000000000000000000e+00,0.000000000000000000e+00,2.616022876201518424e-02,3.525999944496493455e-01
6.308238499759540874e-01,0.000000000000000000e+00,0.000000000000000000e+00,2.640840894921196030e-02,3.427677410748339315e-01
6.243615261964414742e-01,0.000000000000000000e+00,0.000000000000000000e+00,2.631858286546007175e-02,3.493198909380985651e-01
6.174758652657249547e-01,0.000000000000000000e+00,0.000000000000000000e+00,2.605662073978700158e-02,3.564675139944881166e-01
6.335091435153699102e-01,0.000000000000000000e+00,0.000000000000000000e+00,2.654221623754886294e-02,3.399486402470813240e-01
6.244760717915502912e-01,0.000000000000000000e+00,0.000000000000000000e+00,2.620046112417375589e-02,3.493234670842759737e-01
6.235439103894099278e-01,0.000000000000000000e+00,0.000000000000000000e+00,2.611339053345565139e-02,3.503426990771345562e-01
6.222610601236279182e-01,0.000000000000000000e+00,0.000000000000000000e+00,2.631493619335554049e-02,3.514240036830166281e-01
6.233175993369590717e-01,0.000000000000000000e+00,0.000000000000000000e+00,2.620859566306701915e-02,3.504738049999741034e-01
6.250277501770429289e-01,0.000000000000000000e+00,0.000000000000000000e+00,2.636238657348841108e-02,3.486098632494685767e-01
6.225820071247067933e-01,0.000000000000000000e+00,0.000000000000000000e+00,2.612481879788780895e-02,3.512931740774054568e-01
6.221014100911702593e-01,0.000000000000000000e+00,0.000000000000000000e+00,2.614943229461284130e-02,3.517491576142169896e-01
6.227343535453325751e-01,0.000000000000000000e+00,0.000000000000000000e+00,2.614235788814099279e-02,3.511232885665263592e-01
6.258348110628055849e-01,0.000000000000000000e+00,0.000000000000000000e+00,2.632416675005606541e-02,3.478410221871384156e-01
6.288477402752641332e-01,0.000000000000000000e+00,0.000000000000000000e+00,2.634886263190110503e-02,3.448033970928348069e-01
6.197883663850234370e-01,0.000000000000000000e+00,0.000000000000000000e+00,2.612403308237849775e-02,3.540876005325980236e-01
6.264106291678455118e-01,0.000000000000000000e+00,0.000000000000000000e+00,2.653682840646489835e-02,3.470525424256897251e-01
