# DNRN, Denitrification, Anammox, Nitrite Oxidation, CaCO3 Dissolution 
7.686388364080031232e-01,1.909990151635002353e-01,5.502303816261358907e-03,2.190745624477829709e-02,1.295238836745709124e-02
7.512857325490875926e-01,2.048756473472755912e-01,7.255470107698424806e-03,2.116960163986298868e-02,1.541354835607532461e-02
7.930926906494402129e-01,9.498463743105564627e-02,1.449060934811721366e-02,2.296006304478456078e-02,7.447199952660230049e-02
8.045678835393467176e-01,8.959300086021321219e-02,1.483552177795450545e-02,2.370842370810258976e-02,6.729517011438294893e-02
7.779726962798422241e-01,1.931833750138463590e-01,6.180567006286339163e-03,2.266336170002502051e-02,0.000000000000000000e+00
7.544048645094979522e-01,1.849182949274127963e-01,1.030103972288209241e-02,2.190382761312000340e-02,2.847197322708715228e-02
8.152998899263538268e-01,6.367042531529613913e-02,1.635328106515689106e-02,2.352128728684255848e-02,8.115511640635068857e-02
7.713774479734973877e-01,1.165764927797735689e-01,1.400195781046452079e-02,2.243842847979395094e-02,7.560567295647047104e-02
7.767109803500382714e-01,1.748094078140926821e-01,6.404796806182061139e-03,2.332843575771239089e-02,1.874637927197455103e-02
7.671835296346357635e-01,2.042335627350523597e-01,6.724783405220213957e-03,2.185812422509178163e-02,0.000000000000000000e+00
7.791418459824336340e-01,1.904964455916929311e-01,7.722837111463318367e-03,2.263887131440997513e-02,0.000000000000000000e+00
7.834608818781680917e-01,1.317898638542560341e-01,9.337985634794276207e-03,2.341165884065220595e-02,5.199960979212937817e-02
7.839923116668169323e-01,1.377212224684756514e-01,1.304604841499808904e-02,2.276282143335643313e-02,4.247759601635289067e-02
7.828922242368406836e-01,1.008326103389358686e-01,1.333005271704784840e-02,2.274904724055945571e-02,8.019606546661610380e-02
7.577949247361470686e-01,2.032452808849619652e-01,3.680456141582732869e-03,2.245676724225668941e-02,1.282257099505150141e-02
8.013049592911488661e-01,8.194156800383471662e-02,1.498174908142184056e-02,2.391433779335882040e-02,7.785738583023581183e-02
7.983859047985701896e-01,1.056751411962740111e-01,1.437830030136300757e-02,2.310930743008917862e-02,5.845134627370357494e-02
7.638005215427697836e-01,1.516326976053844755e-01,1.143255469567426921e-02,2.139525252072560502e-02,5.173897363544575911e-02
7.414106559002823227e-01,1.664850960700713089e-01,9.905053655370976706e-03,2.136884736070790089e-02,6.083034701356762608e-02
7.817859913462826826e-01,1.557284962774960202e-01,7.438889622569091510e-03,2.307202643943839088e-02,3.197459631421381565e-02
7.762898329761215299e-01,1.671507440247140541e-01,1.191544088795739448e-02,2.168987240340761527e-02,2.295410970779929519e-02
7.877318055686077791e-01,1.811772962451174418e-01,8.507028639037007151e-03,2.258386954723790030e-02,0.000000000000000000e+00
7.674790709138896716e-01,1.588645393293278696e-01,1.124725401822500824e-02,2.245456722798523999e-02,3.995456851057239966e-02
7.756302242543889891e-01,1.089255930169077263e-01,1.386511393298942713e-02,2.257802361648915054e-02,7.900104517922471037e-02
7.667428805014202542e-01,1.925698312015710068e-01,8.201628973799331840e-03,2.212727509858822272e-02,1.035838422462101449e-02
8.007532679068168902e-01,1.016575837205007937e-01,1.301294807362378229e-02,2.345582678230099041e-02,6.112037351675762842e-02
7.811938450695794511e-01,1.852233177616843529e-01,8.497889843888110223e-03,2.252887004433704390e-02,2.556077280511125528e-03
7.440967245268522712e-01,2.184448964007337513e-01,4.708577322976385468e-03,2.171215547726764242e-02,1.103764627217007979e-02
7.955644559232449842e-01,1.572742701621348826e-01,1.173562902401327317e-02,2.324285710223511145e-02,1.218278778837163408e-02
7.982643526727924987e-01,6.895202587596188648e-02,1.675825843057720047e-02,2.306890983243934171e-02,9.295645318822894076e-02
8.216510883650887109e-01,6.093784843596720263e-02,1.529883065236034220e-02,2.426314836760356738e-02,7.784908417898023236e-02
8.069010162660235075e-01,9.746439189216096755e-02,1.106496212231997643e-02,2.413528565742524903e-02,6.043434406207018328e-02
7.546324689546379805e-01,2.167858648443703740e-01,6.371862335030536138e-03,2.220980386596120223e-02,0.000000000000000000e+00
7.907682904451817096e-01,1.180774212028938841e-01,1.336976425963005977e-02,2.328770440359132637e-02,5.449681968870293686e-02
7.692902318477966572e-01,1.350278356730564566e-01,8.508954532200033172e-03,2.278347982595523707e-02,6.438949812099167835e-02
7.946963781692157891e-01,1.096057694942813993e-01,1.324060074913576898e-02,2.319078028407843203e-02,5.926647130328859675e-02
7.544220188837676977e-01,1.923232725256425191e-01,3.995233911427402244e-03,2.251239078939456378e-02,2.674708388976775389e-02
7.737183171881896193e-01,1.660396613521372411e-01,7.406913682641724610e-03,2.301775940779149029e-02,2.981734836923976423e-02
7.507066232319082877e-01,2.180520033403018920e-01,7.183061892981707809e-03,2.094433086446533671e-02,3.113980670342862949e-03
8.083186792239241969e-01,1.198684400364037062e-01,1.256628714063871659e-02,2.358295115562444519e-02,3.566364244340883283e-02
8.098619631593969581e-01,1.168195608108587580e-01,1.613615274425476281e-02,2.318758435050358863e-02,3.399473893498607124e-02
8.080215496575390288e-01,8.115248065023887569e-02,1.501453120548983285e-02,2.374717271025813745e-02,7.206426577647405407e-02
7.783123659596694610e-01,1.544010384576215422e-01,1.044436288377450540e-02,2.230744015301879338e-02,3.453479254591568237e-02
7.746300361394842238e-01,1.218355542503903599e-01,1.026716695058856911e-02,2.242713140802746197e-02,7.084011125150932453e-02
8.240094671572919527e-01,8.086829676789814014e-02,1.724521615405078326e-02,2.454530986105295590e-02,5.333171005970621659e-02
8.156659352751078895e-01,1.516252994048753466e-01,8.899367328416131137e-03,2.380939799160061016e-02,0.000000000000000000e+00
7.618646883834536698e-01,2.092571756060407351e-01,7.116925961395664108e-03,2.176121004910998649e-02,0.000000000000000000e+00
7.535340797879089836e-01,2.191164478036384533e-01,5.725817882331627265e-03,2.162365452612100003e-02,0.000000000000000000e+00
7.447008917123772997e-01,2.270262934345297634e-01,6.387052123826638880e-03,2.188576272926625460e-02,0.000000000000000000e+00
8.234753938338490453e-01,7.552802931249609497e-02,1.488488274329368387e-02,2.450956981225612882e-02,6.160212429810500712e-02
7.823515965360758884e-01,1.171993221760449094e-01,1.137540023670936817e-02,2.344456782435061157e-02,6.562911322681930226e-02
7.680589148489723739e-01,1.779855049171007730e-01,9.193898406549235944e-03,2.272103024867920193e-02,2.204065157869820185e-02
7.549276973439802418e-01,1.764044077568743540e-01,8.196225646226290920e-03,2.164508619437762252e-02,3.882658305854146813e-02
7.206087278087530690e-01,2.234878361523039425e-01,5.448092169313874418e-03,2.087869629603467808e-02,2.957664757359436750e-02
7.876807346112137953e-01,1.818526547107866542e-01,7.306281255770581337e-03,2.316032942222892230e-02,0.000000000000000000e+00
8.036257756292713994e-01,8.051759548802624178e-02,1.367168062655919024e-02,2.426634978989317820e-02,7.791859846624997477e-02
7.736721352470539159e-01,1.377165014579225244e-01,1.345445415727645339e-02,2.240656962455023909e-02,5.275033951319689496e-02
7.430566941143934567e-01,2.325129571600937084e-01,2.665993954328735576e-03,2.176435477118411621e-02,0.000000000000000000e+00
7.820741915557508639e-01,1.505276685073303755e-01,1.059978423656739686e-02,2.263014786818797613e-02,3.416820783216346219e-02
8.023886680762386536e-01,8.484633981148866078e-02,1.642401715210622948e-02,2.378943400783593148e-02,7.255154095233046219e-02
7.604719373779770253e-01,1.838356223183913174e-01,7.132833796602153914e-03,2.192211700007402897e-02,2.663748950695547443e-02
7.565609408142528469e-01,1.804187619093842732e-01,7.483279333830698994e-03,2.167656841263274764e-02,3.386044952989938905e-02
8.048876038974687175e-01,9.717901658079629301e-02,1.358689417388388512e-02,2.383108358645528654e-02,6.051540176139576233e-02
8.061744862178815696e-01,1.605245551594835229e-01,9.709010453033730878e-03,2.359194816960125118e-02,0.000000000000000000e+00
7.231138756035148107e-01,2.484513857669068959e-01,6.446044571587725668e-03,2.077481534457806603e-02,1.213878713412375448e-03
7.928443794182106208e-01,1.002815299239533942e-01,1.180170158864795801e-02,2.364899916309705016e-02,7.142338990609092830e-02
7.683952843975190294e-01,1.890075946459331691e-01,7.584520339180426778e-03,2.247734434797209885e-02,1.253525626939563063e-02
7.767485860018882304e-01,1.120681570309339375e-01,1.412128063381205660e-02,2.286632522557217190e-02,7.419565110779374750e-02
7.736451376282473813e-01,1.981632539521185066e-01,5.411419081754703479e-03,2.278018933787935921e-02,0.000000000000000000e+00
7.876466179410926971e-01,1.328779367788693599e-01,1.237436718169748068e-02,2.282122912623698111e-02,4.427984897210351933e-02
7.657937712969414834e-01,1.177187440585087536e-01,1.166543003894737404e-02,2.172760713411795233e-02,8.309444747148436727e-02
7.618085445230525776e-01,1.427184277285829528e-01,1.000336111799192407e-02,2.253383195696463670e-02,6.293583467340797821e-02
7.974735208176267909e-01,7.974676146674310184e-02,1.559817783028788658e-02,2.347052692668550808e-02,8.371101295865675251e-02
8.231273177080654646e-01,9.760823452984015991e-02,1.448544508352105249e-02,2.443613551467718401e-02,4.034286716389616501e-02
7.996440834352419591e-01,1.364179276760570381e-01,7.862460984760776331e-03,2.402330285528572404e-02,3.205222504865457706e-02
8.010203356702410016e-01,7.187365505719002512e-02,1.492308051978291812e-02,2.404133305964845438e-02,8.814159569313755049e-02
7.523988512784691718e-01,1.740570251817642466e-01,1.250049182291356441e-02,2.109835241287421129e-02,3.994527930397875903e-02
7.822448726375996753e-01,1.712934696163781467e-01,7.589267036008717944e-03,2.328581628001281587e-02,1.558657443000069018e-02
7.637074655891810115e-01,1.791585683412671992e-01,6.848481136007104897e-03,2.246407346662365051e-02,2.782141146692111017e-02
8.069506248473659049e-01,8.361576960670462355e-02,1.580954115545105815e-02,2.386593709084437395e-02,6.975812729963391801e-02
7.690522389224725419e-01,1.502537210441602100e-01,1.022706100590760683e-02,2.244088971930200196e-02,4.802608930815749355e-02
8.079186798589524932e-01,9.879400916532783683e-02,1.418896774750062935e-02,2.318752733473243566e-02,5.591081589348644715e-02
7.801477103121547962e-01,1.595847832427293722e-01,1.427603053748993482e-02,2.213321876878894187e-02,2.385825713883692190e-02
7.728900126149012006e-01,1.448084853338030276e-01,1.137067838223665417e-02,2.216689336817784239e-02,4.876393030088131686e-02
8.033634759459437058e-01,9.169618653665079222e-02,1.236324544517703600e-02,2.433894689655758531e-02,6.823814517567079740e-02
7.862307190002482127e-01,1.359612296504776052e-01,9.744809174371097532e-03,2.354049041669146330e-02,4.452275175821160391e-02
8.285754469155506285e-01,3.274404045833982646e-02,1.654072115889928390e-02,2.421024645830058969e-02,9.792954500890953262e-02
7.713708376372369058e-01,1.752237573403498672e-01,8.859838189417117496e-03,2.225618817296206101e-02,2.228937866003435908e-02
7.787803559664253639e-01,1.407936415557062004e-01,8.846620556545611164e-03,2.354026659039954242e-02,4.803911533092310171e-02
7.515228810744880583e-01,1.697069249561625470e-01,8.850225513665035612e-03,2.164058729232247458e-02,4.827938116336188967e-02
7.448152084040736698e-01,2.048763608251288615e-01,6.790361844971738378e-03,2.100414619370458494e-02,2.251392273212114367e-02
7.908945554039854553e-01,1.048230677355228985e-01,1.084005686488965711e-02,2.371172826040206932e-02,6.973059173520007592e-02
8.363005552281070898e-01,8.172679310422022170e-02,1.288721005544634333e-02,2.559923598565499309e-02,4.348620562657131566e-02
8.199946623142833069e-01,9.913858491436271236e-02,1.279058550075290283e-02,2.425776886946595309e-02,4.381839840113530699e-02
7.277173673370712637e-01,2.490328017306638608e-01,1.762233453709229243e-03,2.148759747855549795e-02,0.000000000000000000e+00
7.976499324813736136e-01,1.277721539753475244e-01,8.317114310005457520e-03,2.366600162409307831e-02,4.259479760918023772e-02
7.775205719776447921e-01,7.499874874071559006e-02,1.662335874089740720e-02,2.212253297275009259e-02,1.087347875679921944e-01
7.437804921435444694e-01,1.787865693221616925e-01,8.011358011767381881e-03,2.109834810245648368e-02,4.832323242006986846e-02
7.542933071142580159e-01,1.447735876700598501e-01,1.060979408869710226e-02,2.244350055068842012e-02,6.787981057629659254e-02
8.150742156008013994e-01,5.390692354263983826e-02,1.705257969518621589e-02,2.436030095781994975e-02,8.960598020355241278e-02
7.974998684145223615e-01,1.174466434118003749e-01,1.200708196017562235e-02,2.337949881081067410e-02,4.966690740269099485e-02
8.135093369044230638e-01,2.122485518580816133e-02,1.961282170123654009e-02,2.405724494068722796e-02,1.215957412678451560e-01
8.306962070532144526e-01,2.956682965874218860e-02,1.831932768972558898e-02,2.418457793006477397e-02,9.723305766825293683e-02
7.591382173488862017e-01,1.714996880176987981e-01,8.367639231201052727e-03,2.212987088211369746e-02,3.886458452010038006e-02
8.010135709744113930e-01,1.261233373540388558e-01,1.290737652618952590e-02,2.336360309205191138e-02,3.659211205330817340e-02
7.983537359344341500e-01,1.376928245735216938e-01,1.206764831364414391e-02,2.338128154310232382e-02,2.850450963529764861e-02
7.435294289052767347e-01,2.301751784074623219e-01,5.526817794915656577e-03,2.076857489234518878e-02,0.000000000000000000e+00
8.270152043655522034e-01,7.124245830642979282e-02,1.674149106387416361e-02,2.410266736051304079e-02,6.089817890363075775e-02
7.902891813026950985e-01,1.188355870954306004e-01,1.081696808773161683e-02,2.326155450952180001e-02,5.679670900462086697e-02
7.482312984977990133e-01,2.250502008859247283e-01,4.690491223944740114e-03,2.202800939233158853e-02,0.000000000000000000e+00
8.262144302881051505e-01,0.000000000000000000e+00,2.212578629404000560e-02,2.376216638391825259e-02,1.278976170339365392e-01
7.651755946102476447e-01,1.468603043870703728e-01,9.211816087561924132e-03,2.304443435914650673e-02,5.570785055597345103e-02
7.338605458615798938e-01,2.197331487239862213e-01,5.207227277381613374e-03,2.120717529756666400e-02,1.999190283948547309e-02
7.626302220809897392e-01,1.482677024795262810e-01,9.713049851576583196e-03,2.194143671211406035e-02,5.744758887579334145e-02
8.314704974990593245e-01,4.502302778581573212e-02,1.792412832118477420e-02,2.450762615933624322e-02,8.107472023460389476e-02
7.211435080777341966e-01,2.532856423611934416e-01,5.095267158570671029e-03,2.047558240250159020e-02,0.000000000000000000e+00
7.926577180413723056e-01,1.119606743264002779e-01,1.419038074416788947e-02,2.298605358723163766e-02,5.820517330082795870e-02
8.296510301969727275e-01,3.908723175100548008e-02,1.585242500799208254e-02,2.497036100352920812e-02,9.043895204050057812e-02
7.794583546584751277e-01,1.742509342966311048e-01,7.389468411844351756e-03,2.236852465056563335e-02,1.653271798248385702e-02
7.317148519226217562e-01,2.280314110298634622e-01,3.924573480045274142e-03,2.144304938475971242e-02,1.488611418270983401e-02
8.288856822048908946e-01,6.671977134536366538e-02,1.436262652525457581e-02,2.503819395572140852e-02,6.499372596876951125e-02
7.942134379928633692e-01,8.043633943950166676e-02,1.877824027848886551e-02,2.287777629509916283e-02,8.369420599404696348e-02
8.152595498517613004e-01,8.895440959028666494e-02,1.865633184527426200e-02,2.400897760720209842e-02,5.312073110547584076e-02
8.026384285739983637e-01,1.409196395330937213e-01,1.116226004575664524e-02,2.397955136945857310e-02,2.130012047769282851e-02
8.267908853532777158e-01,6.770971497743906442e-02,1.429080500314608947e-02,2.458326383816675578e-02,6.662533082797057749e-02
8.001253683669782291e-01,1.359837421690016646e-01,1.149892478903276165e-02,2.364382670483847551e-02,2.874813797014884667e-02
7.934695295312815810e-01,4.455162363232018086e-02,1.828704080345625385e-02,2.290246414197681310e-02,1.207893418909652544e-01
7.539084310280029788e-01,2.098773586006738023e-01,6.555918653988693050e-03,2.183185060839567745e-02,7.826441108938823193e-03
7.947774293644969124e-01,1.132281397282107333e-01,1.303799444386143438e-02,2.319772593525970192e-02,5.575871052817121115e-02
8.078852989350012725e-01,6.895841441614157519e-02,1.288854426023419882e-02,2.445525705989515936e-02,8.581248532872777501e-02
7.452049165885410442e-01,1.726263730864868451e-01,9.844930086828193941e-03,2.119050947415797304e-02,5.113327076398601484e-02
7.897016830051284408e-01,1.224182089435512238e-01,1.139355164622923682e-02,2.323736675761275267e-02,5.324918964747819145e-02
8.291994579055630421e-01,1.195842852511948828e-01,1.258393604728613897e-02,2.406414406673226813e-02,1.456817672922357948e-02
7.747065621010388314e-01,1.890155752854318916e-01,8.140029484844317487e-03,2.241250014530813892e-02,5.725332983376943755e-03
7.850193924060226980e-01,1.719314994788062601e-01,5.897950643523526895e-03,2.400085856178288748e-02,1.315029890986455820e-02
7.424885159768291887e-01,1.641011971526610269e-01,9.166553664615757421e-03,2.134682083366540306e-02,6.289691237222866382e-02
7.683946733379092286e-01,1.888519741947567721e-01,7.527141401515276102e-03,2.227223689403031587e-02,1.295397417178826942e-02
7.836952372792831412e-01,1.240404916668008395e-01,1.279081046703531982e-02,2.295163720610770425e-02,5.652182338077289814e-02
7.602355700704738206e-01,2.017038938166106632e-01,7.630764504380326517e-03,2.223703076122121591e-02,8.192740847313905242e-03
7.557542738216310729e-01,1.818306180137463368e-01,8.655044826961886748e-03,2.213384575403202700e-02,3.162621758362880314e-02
7.775479983296160746e-01,1.907383062216133351e-01,9.314871924383707341e-03,2.239882352438697655e-02,0.000000000000000000e+00
8.122216141617650820e-01,1.089738740059348343e-02,1.978984709123900870e-02,2.466048956389424451e-02,1.324306617825081189e-01
8.037427655805029492e-01,7.773408591109559618e-02,1.278083964834399525e-02,2.359550851272630700e-02,8.214680034733110037e-02
8.018195862808530361e-01,1.534670901499641804e-01,1.175214163186386572e-02,2.281315319315875556e-02,1.014802874416051437e-02
7.834730089594967861e-01,1.845999263904359866e-01,9.183990734584106599e-03,2.274307391548315016e-02,0.000000000000000000e+00
8.016697588510478534e-01,1.407153009735856719e-01,7.903470257069968724e-03,2.430096842753648109e-02,2.541050149075997633e-02
7.745605202997235539e-01,1.413489385641847063e-01,1.162463597464074953e-02,2.248406867240558549e-02,4.998183648904554882e-02
7.440561346785122820e-01,2.080589764001158637e-01,6.492482208425792191e-03,2.151937496598354746e-02,1.987303174696222405e-02
7.179989987329160606e-01,2.591095825849282774e-01,2.210786844449061199e-03,2.068063183770648197e-02,0.000000000000000000e+00
7.693834099823270156e-01,1.874772336613702572e-01,5.054015175068624771e-03,2.287399053029664023e-02,1.521135065093734071e-02
7.386432827557938285e-01,2.122000121219435875e-01,4.968871831444421697e-03,2.165420487081486101e-02,2.253362842000308439e-02
7.717646672386231366e-01,1.549894429697809273e-01,9.304159816817222581e-03,2.229166953366503584e-02,4.165006044111367600e-02
8.020757011170699391e-01,8.811042431055006452e-02,1.538025927611054791e-02,2.364297353891430323e-02,7.079064175735524933e-02
7.951881368304688502e-01,1.104662642293120778e-01,1.263542288755158463e-02,2.328677122177767386e-02,5.842340483088984127e-02
8.043534331559818451e-01,7.481939465713498272e-02,1.373335316534823186e-02,2.344351121212021397e-02,8.365030780941477839e-02
7.709489998156491275e-01,1.757350397692667709e-01,7.754383497266978571e-03,2.240375169014382356e-02,2.315782522767333845e-02
7.927604023191442417e-01,1.744438592055706505e-01,1.020302261983781211e-02,2.259271585544741709e-02,0.000000000000000000e+00
7.563391989250500824e-01,1.508104916124655137e-01,1.028449886221454584e-02,2.203921276463828571e-02,6.052659783563143353e-02
7.592024456417543199e-01,1.471995511987208294e-01,1.064559429138164579e-02,2.148845808897384413e-02,6.146395077916937816e-02
7.822069353101649414e-01,1.732773786737707433e-01,7.826160495696092220e-03,2.254593588258222564e-02,1.414358963778618306e-02
7.802194059071654308e-01,8.457809465647488090e-02,1.463910469746664521e-02,2.282149314627730796e-02,9.774190159261575417e-02
8.069441183884700219e-01,9.650067695657102429e-02,1.465093979192591545e-02,2.387976357560367066e-02,5.802450128742952379e-02
7.823319326777871119e-01,8.440255952674077800e-02,1.411018936390218310e-02,2.300409707854812746e-02,9.615122135302188455e-02
8.550124169555103348e-01,0.000000000000000000e+00,2.216386081703589084e-02,2.544478709004997785e-02,9.737893513740376872e-02
7.905878870530822500e-01,1.255014908866988466e-01,1.335660047726382714e-02,2.319192332007216292e-02,4.736209826288297758e-02
7.227934476740072167e-01,2.554348044702484111e-01,5.310327941399028929e-04,2.124071506160469386e-02,0.000000000000000000e+00
7.723968982902579272e-01,1.318421782926497421e-01,1.143411747791271173e-02,2.187750465287320589e-02,6.244930128630644256e-02
7.509292793579713798e-01,1.586470821345487836e-01,1.180086432779337870e-02,2.138360838905267042e-02,5.723916579063366428e-02
7.987667353388285818e-01,1.358328018571661744e-01,9.984554174915099417e-03,2.376389616116541398e-02,3.165201246792478246e-02
7.883705332922505971e-01,1.103630387251799544e-01,1.502935099412703451e-02,2.304846909737642141e-02,6.318860789106607589e-02
7.605450241483570073e-01,2.115062773330909085e-01,5.826295658166650952e-03,2.212240286038531442e-02,0.000000000000000000e+00
7.775517847537122273e-01,1.542493346203361038e-01,9.082314257359964255e-03,2.303263940150766104e-02,3.608392696708399849e-02
7.612246897432398685e-01,1.681484328149445984e-01,9.122439657001744223e-03,2.232765090893056373e-02,3.917678687588325992e-02
7.801357895637847095e-01,1.262870848290541803e-01,1.104060598868127595e-02,2.282236925525536753e-02,5.971415036322449271e-02
7.509959959100981353e-01,1.752030320319668821e-01,7.726953052477320179e-03,2.240818980030511234e-02,4.366582920515244687e-02
8.282906517216597209e-01,7.347058295681453688e-02,1.458046799885753114e-02,2.429384779478718781e-02,5.936444952788109269e-02
7.892306653911433934e-01,1.211484670614302039e-01,1.121041277978724465e-02,2.371614226432788158e-02,5.469431250331126954e-02
8.100692173341139668e-01,7.080566353814357616e-02,1.736290089821933280e-02,2.332041913362395066e-02,7.844179909589919786e-02
7.830697923256688675e-01,1.475347141058543643e-01,9.043796408906092793e-03,2.303624170736748300e-02,3.731545545220334159e-02
7.870307737148932725e-01,1.539319051097935431e-01,9.530646963433914501e-03,2.314703841916759819e-02,2.635963579271163523e-02
8.294549173669016895e-01,3.118525969381591434e-02,1.721311429659641914e-02,2.493325455737503346e-02,9.721345408531106846e-02
7.819436594783435446e-01,1.262201181751218260e-01,1.373859333738801716e-02,2.291113337379268797e-02,5.518649563535383412e-02
7.736537609644328350e-01,1.476504217384315421e-01,1.078728541130643398e-02,2.196334837105791415e-02,4.594518351477135110e-02
7.918415879306928140e-01,1.642294999854761739e-01,9.992904100448677523e-03,2.248534528805271743e-02,1.145066269532944193e-02
7.698572458296709664e-01,1.367394246452477147e-01,1.230751500751379665e-02,2.252863898210364854e-02,5.856717553546387373e-02
8.092519075446058530e-01,3.790596984188710633e-02,1.942055520423904141e-02,2.359645265312030823e-02,1.098251147561477570e-01
7.897547265062343502e-01,1.461824581089106456e-01,9.283879822202677559e-03,2.292223069468364224e-02,3.185670486796865486e-02
8.116765540472066220e-01,8.140034113312634434e-02,1.149365568753655913e-02,2.494374198642805920e-02,7.048570714570247253e-02
7.828787490260947779e-01,1.201942871654316514e-01,1.206592494091505464e-02,2.262181129838391688e-02,6.223922756917444482e-02
7.899368476467185651e-01,1.597830832018978797e-01,8.336458166930587124e-03,2.330431014766234238e-02,1.863930083679059269e-02
8.311447668283455936e-01,8.905779628047029439e-02,1.392713531671914071e-02,2.481542200325827577e-02,4.105487957120665388e-02
7.813620524912909815e-01,1.735002099241599316e-01,4.668385128566102799e-03,2.351418087285225486e-02,1.695517158313067721e-02
7.980927394322818724e-01,9.001127982660424298e-02,1.255306026789999169e-02,2.357275026809011603e-02,7.577017020512365197e-02
7.821329434666585145e-01,1.499201520256872311e-01,1.072915452285339022e-02,2.285172093207740382e-02,3.436602905272326258e-02
8.188782449177307576e-01,9.314409668615657167e-02,1.489139444849659454e-02,2.380322241948476525e-02,4.928304152813115652e-02
7.929372949329481779e-01,9.920391154676702627e-02,1.447936949045986604e-02,2.313605834129640187e-02,7.024336568852838913e-02
7.998652956345615461e-01,1.066360402639945359e-01,1.094260344924727867e-02,2.397835088239926027e-02,5.857770976979723848e-02
8.441858769185069944e-01,4.831100110557581817e-02,1.602138132151967667e-02,2.469738897185323051e-02,6.678435168254409637e-02
7.599306471535451912e-01,2.104290146893446622e-01,8.020838091801903505e-03,2.161950006530820312e-02,0.000000000000000000e+00
7.792444333469582540e-01,1.098720580290255960e-01,1.320866643567931639e-02,2.242043141004358003e-02,7.525441077829321534e-02
8.056872724915996598e-01,1.222642103885879655e-01,1.106984268170776650e-02,2.442339392688387331e-02,3.655528051122079736e-02
7.359207235225850852e-01,2.409546404125434693e-01,1.646464950292936833e-03,2.147817111457858349e-02,0.000000000000000000e+00
8.088266539076630623e-01,5.011888283197639404e-02,1.856983832660311778e-02,2.340993864857916426e-02,9.907468628517827891e-02
7.953594991791878011e-01,1.498279797646881739e-01,8.523472645412756912e-03,2.358918773777242753e-02,2.269986067293904355e-02
7.728785648232588956e-01,1.995824656491329285e-01,5.010193655199158408e-03,2.252877587240906948e-02,0.000000000000000000e+00
7.946854375027109230e-01,1.336724257038706121e-01,9.704420832615837447e-03,2.338674684519901140e-02,3.855096911560353112e-02
7.870384869748722201e-01,9.345670448107748496e-02,1.293778278891181792e-02,2.281994457969014484e-02,8.374708117544836516e-02
7.826696591223084587e-01,9.956778794079128303e-02,1.586664356707662843e-02,2.266952210636996937e-02,7.922638726345355986e-02
7.316668077581843788e-01,1.970841976749475311e-01,7.879518109366575110e-03,2.086745128620559608e-02,4.250202517129589991e-02
7.956282646935765035e-01,1.259893341035883685e-01,1.146214507669795005e-02,2.324368779263303111e-02,4.367656833350413298e-02
7.709937286141544943e-01,1.545671262121674217e-01,8.397062776494206016e-03,2.245971281929716803e-02,4.358236957788674121e-02
7.631508413417295023e-01,2.071346851961496927e-01,7.567026021323815244e-03,2.214744744079706618e-02,0.000000000000000000e+00
7.744757067229816050e-01,1.870244465011944579e-01,5.015961214375870558e-03,2.242825390859961784e-02,1.105563165284851983e-02
7.796498594906855484e-01,1.500104176369577158e-01,9.903392429892807561e-03,2.227888987774988977e-02,3.815744056471404716e-02
7.925742159912978479e-01,9.682793793810019756e-02,1.371358527375494962e-02,2.348274900035382876e-02,7.340151179649311020e-02
7.843867695310907662e-01,4.772503086126026611e-02,1.681886656425541499e-02,2.312231112835197097e-02,1.279470219150415644e-01
7.808630943791874390e-01,1.028187636590643245e-01,1.269605956269574849e-02,2.329816314500421717e-02,8.032391925404816502e-02
8.019218946386262870e-01,1.120141042220816063e-01,1.262616190341385967e-02,2.422754320903466180e-02,4.921029602684344473e-02
7.775011800486369973e-01,1.719597843063871978e-01,6.933884867203784011e-03,2.305220625969263415e-02,2.055294451807941625e-02
7.670411709531841371e-01,1.882476911522142082e-01,6.278724921167821126e-03,2.232620912254801651e-02,1.610620385088590290e-02
8.631914552379625905e-01,2.519306278756515416e-02,2.347385594945912424e-02,2.507598506181362222e-02,6.306564096319952628e-02
8.022868866052926817e-01,9.713321380671077754e-02,1.511635445496601129e-02,2.320066173192695744e-02,6.226288340110363445e-02
7.936475300607670480e-01,9.577885828185489503e-02,1.568202699787115545e-02,2.325460458838665354e-02,7.163698007112009880e-02
7.543877439339903290e-01,2.176794702559755601e-01,5.553098789676733961e-03,2.237968702035750962e-02,0.000000000000000000e+00
8.279692087119885358e-01,1.185076015543923139e-01,1.250714057220092892e-02,2.440882968406575537e-02,1.660721947735265339e-02
7.985704847038526122e-01,1.254588963809567248e-01,1.182981671484473023e-02,2.325648550365678330e-02,4.088431669668918939e-02
8.172778647653271555e-01,6.930089248001479463e-02,1.443896184379272855e-02,2.423927443800269477e-02,7.474300647286274968e-02
7.942392132304593177e-01,1.094129338950587949e-01,1.479439341402687819e-02,2.275180742236415296e-02,5.880165203809110952e-02
8.039967271406150973e-01,1.639707234673831726e-01,8.006798964849062492e-03,2.402575042715275958e-02,0.000000000000000000e+00
7.350390641311358442e-01,1.673171976204083089e-01,9.309918844553887254e-03,2.095125328105868281e-02,6.738256612284333757e-02
8.405930173126024973e-01,1.626558216254921432e-02,1.952171159981698489e-02,2.515267905789277114e-02,9.846700986713856352e-02
7.637416491105483152e-01,1.946882673815721054e-01,6.358776463888309721e-03,2.245510171191011928e-02,1.275620533208109489e-02
7.512026998126165589e-01,1.841674811952788426e-01,6.898008816569987586e-03,2.198455083538413540e-02,3.574725934015043211e-02
7.920543901586080127e-01,1.460467725428194752e-01,9.954103440464765959e-03,2.347167616426554596e-02,2.847305769384224361e-02
7.905264335385034924e-01,1.519703678701540273e-01,1.182178368104543770e-02,2.268763554461361229e-02,2.299377936568340608e-02
7.506290362593673882e-01,1.444972418437324713e-01,9.191208551788046868e-03,2.200040174026674650e-02,7.368211160484533506e-02
7.856442205533545886e-01,1.026357527953613152e-01,1.100939979944883136e-02,2.387443805072628558e-02,7.683618880110902605e-02
7.884086803459618986e-01,1.423635588318847844e-01,8.948391479130334350e-03,2.344542660584870639e-02,3.683394273717422590e-02
7.845505704046784601e-01,1.801921801281620439e-01,7.757422195807415349e-03,2.305594060015778157e-02,4.443886671194275696e-03
7.916470649223339429e-01,1.105742934523948895e-01,1.266648272075949697e-02,2.406920197553431839e-02,6.104295692897723086e-02
7.668138473238683694e-01,1.656783999484295333e-01,1.013301418437960975e-02,2.216434265759347974e-02,3.521039588572884294e-02
7.647420182414914613e-01,2.089993237023029804e-01,4.316854386093524516e-03,2.194180367011205196e-02,0.000000000000000000e+00
7.456890652102537986e-01,2.091664975478765287e-01,5.054872479122938557e-03,2.181025258051732044e-02,1.827931218222917861e-02
8.128984049962584280e-01,1.255966374434489552e-01,1.185830568199271705e-02,2.424384893902160887e-02,2.540280293927816083e-02
7.552492712717787660e-01,2.094766399787743594e-01,6.803716510148912280e-03,2.223642258477922032e-02,6.233949654518925951e-03
7.739439419539124732e-01,1.433058493586787663e-01,1.263971841047984920e-02,2.234695225840192812e-02,4.776353801852688263e-02
7.941147682507616601e-01,1.170185002565916205e-01,1.320728205721453767e-02,2.354244865975867879e-02,5.211700077567349432e-02
7.948830803449807858e-01,6.574864078047173988e-02,1.548933556590081050e-02,2.315133400459395627e-02,1.007276093040525705e-01
7.612797542420752794e-01,1.804855355178990040e-01,8.895474267684352551e-03,2.141117803279819765e-02,2.792805793954316121e-02
8.221889466377132472e-01,1.128635328296884732e-01,1.299278614662190481e-02,2.419433014748028493e-02,2.776040423849622865e-02
8.006996885238997219e-01,9.597033039825920986e-02,1.389488370080715213e-02,2.340897600961718700e-02,6.602612136741681237e-02
7.876972167741327358e-01,1.810524956907005323e-01,7.735683756076249494e-03,2.351460377909049201e-02,0.000000000000000000e+00
7.615240071325225513e-01,1.967452408910254358e-01,4.946102993828748427e-03,2.241011034741832719e-02,1.437453863520517759e-02
7.670768938347075627e-01,2.059252156148129176e-01,4.741929665793167756e-03,2.225596088468636408e-02,0.000000000000000000e+00
7.688782937428960684e-01,1.517510327985508722e-01,1.106918831054090266e-02,2.256828637726823045e-02,4.573319877074390194e-02
7.247084994399252134e-01,2.495768659204492534e-01,4.638403066102457853e-03,2.107623157352307361e-02,0.000000000000000000e+00
8.168237306979709844e-01,1.250390107900684056e-01,1.147216100030380020e-02,2.417343220034498530e-02,2.249166531131174124e-02
8.081285579675351327e-01,1.303586970044092186e-01,1.123016171186128238e-02,2.369752546504501692e-02,2.658505785114936154e-02
7.611046949802628969e-01,1.886967956769437516e-01,1.072810257735728502e-02,2.168567130644971294e-02,1.778473545898611244e-02
7.995872059790535280e-01,1.083088413845205294e-01,1.478103196464605751e-02,2.326287870014744769e-02,5.406004197163249286e-02
7.830626808480204426e-01,3.814068300856283955e-02,1.914470973675842791e-02,2.282649443725049201e-02,1.368254319694078014e-01
7.807854588988262234e-01,1.570668545944653161e-01,1.184665563462373485e-02,2.263298812041353303e-02,2.766804275167108335e-02
8.111975354716016717e-01,7.838125994438850663e-02,1.563243477915909896e-02,2.400765643223808088e-02,7.078111337261246139e-02
7.921815797188178632e-01,8.991934271115176180e-02,1.509757038739079071e-02,2.308060732357063161e-02,7.972089985906892495e-02
7.906713195188792564e-01,9.787639391710387105e-02,1.352999556953617989e-02,2.411062424615866354e-02,7.381166674832190244e-02
7.831360801185545117e-01,1.754243796374537201e-01,9.189638801289992665e-03,2.282704597800526078e-02,9.422855464696551150e-03
8.017131505080662413e-01,1.310529250690455616e-01,1.289183871799544530e-02,2.323774517171569784e-02,3.110434053317733330e-02
7.571402055697781242e-01,1.484062441380570030e-01,9.553771128789219705e-03,2.228540969367585542e-02,6.261436946969997641e-02
7.577348878356988671e-01,2.151079961537758489e-01,4.728580036994706366e-03,2.242853597353076933e-02,0.000000000000000000e+00
8.467385094965503844e-01,6.767128074909889435e-02,1.718022953387605620e-02,2.488956843503049160e-02,4.352041178544404504e-02
7.733539141760771285e-01,1.234298481176915457e-01,1.197962949016085493e-02,2.264061356963381275e-02,6.859599464643667543e-02
7.981316495161135949e-01,8.656913340088008557e-02,1.560488562888183613e-02,2.309939968043608557e-02,7.659493177368828509e-02
7.848776252220200922e-01,1.213196443998328239e-01,1.137734761237806438e-02,2.348322948216448672e-02,5.894215328360452588e-02
8.032575406838202703e-01,7.506637686021142009e-02,1.635710787717347542e-02,2.292796126107808988e-02,8.239101331771683800e-02
8.041622984372155392e-01,1.136362237746426362e-01,1.176381484587595526e-02,2.404642110085553411e-02,4.639124184141032309e-02
7.950079358831965148e-01,5.096291962981108759e-02,1.554989401418614518e-02,2.382436478474917255e-02,1.146548856880570955e-01
7.968342842381695990e-01,1.465528831969411250e-01,8.865147029713355345e-03,2.355187488966987638e-02,2.419581064550597668e-02
7.993724125680439219e-01,1.691902675395941802e-01,8.238250969022711812e-03,2.319906892333921389e-02,0.000000000000000000e+00
7.900069165616381284e-01,8.315574785561899440e-02,1.604815471230473106e-02,2.283958707510879912e-02,8.794959379532935051e-02
7.672451964739931407e-01,1.785273813657016206e-01,7.618097098603845464e-03,2.242560709145467734e-02,2.418371797024672365e-02
7.902413504147952628e-01,1.375927310078439436e-01,1.130211450478808659e-02,2.351589776492497841e-02,3.734790630764777547e-02
7.797349569365543687e-01,1.273734730052005215e-01,1.143453186079246287e-02,2.256470786430527301e-02,5.889233033314748844e-02
7.713241328775295447e-01,1.580487178440981855e-01,8.750189699008913483e-03,2.227615888205844441e-02,3.960080069730485125e-02
7.504157184693529548e-01,2.014734131776426684e-01,5.775193011761146390e-03,2.198922900627832411e-02,2.034644633496510840e-02
8.033017741408969847e-01,1.100796367905378798e-01,1.407924893075386021e-02,2.294945179606018570e-02,4.958988834175118848e-02
7.724895901751303029e-01,1.862659551929065627e-01,8.676540158123226265e-03,2.226179994208477703e-02,1.030611453175542085e-02
7.597862189037591918e-01,1.804711377129020744e-01,7.641069675055773766e-03,2.234741451490990932e-02,2.975415919337276449e-02
7.905314590597388724e-01,1.561544171605576958e-01,8.995201268792721999e-03,2.284177729598291934e-02,2.147714521492774878e-02
7.532141199249111629e-01,2.173826984854888844e-01,5.641750102694109356e-03,2.181773067529972979e-02,1.943700811606117844e-03
8.212025091766286256e-01,7.291883209183905312e-02,1.622704619717693295e-02,2.468693113324798433e-02,6.496468140110736589e-02
8.011530234080949109e-01,1.447362496340842408e-01,9.731683561976137153e-03,2.375063814650692218e-02,2.062840524933764672e-02
7.769429858115582954e-01,1.471678510274140872e-01,9.368088584995007406e-03,2.274101051538826926e-02,4.378006406064426093e-02
7.898341175139430570e-01,1.240327299796536997e-01,1.437973400861848258e-02,2.285421653650871257e-02,4.889920196127602731e-02
7.778934316541546989e-01,1.827678749705451133e-01,8.579966481315726493e-03,2.280111387806083370e-02,7.957613015923447122e-03
8.066951165291802450e-01,3.526902931807721769e-02,1.739210504242964458e-02,2.433679739627028077e-02,1.163069517140425529e-01
7.451219216831930225e-01,1.757322844955237495e-01,7.316176807554670460e-03,2.198478240408616516e-02,4.984483460964240359e-02
8.197425464830209174e-01,6.278547643948070855e-03,2.150561326066387918e-02,2.418904357835279309e-02,1.282842490340141972e-01
7.606263073092467408e-01,1.990324643704096952e-01,4.338567710357550331e-03,2.212393111787180899e-02,1.387872949211427231e-02
8.144268976077542188e-01,7.869013225297601111e-02,1.235368187431414716e-02,2.362972700547077975e-02,7.089956125948475296e-02
8.559606977069387224e-01,7.029283387291793139e-02,1.523046766917757720e-02,2.549881299293337011e-02,3.301718775803240413e-02
7.851706482795633990e-01,6.978554716693705084e-02,1.698365628492765414e-02,2.276709316252937404e-02,1.052930551060424491e-01
7.360201726444179915e-01,2.341646592479242617e-01,6.876947240978312399e-03,2.068979255330468531e-02,2.248428313374752161e-03
7.995105804484885503e-01,1.670167608757019417e-01,9.926286358145876981e-03,2.354637231766357891e-02,0.000000000000000000e+00
7.438004153895969583e-01,1.970622223970344977e-01,9.157265423499082527e-03,2.108743837557047751e-02,2.889265841429892664e-02
7.873648188026346473e-01,1.140438570620516262e-01,1.308824794553831161e-02,2.224256034933292867e-02,6.326051584044249665e-02
7.747088189625515042e-01,1.237518982255931127e-01,1.107879586529116576e-02,2.267113867478141517e-02,6.778934827178276223e-02
7.995049818607350423e-01,1.435946021700335862e-01,6.400899382773411750e-03,2.406243445486141302e-02,2.643708213159662659e-02
7.850093829887896391e-01,1.130970588326817294e-01,1.137797098145393836e-02,2.362447620537127396e-02,6.689111099170341745e-02
8.349736532579417059e-01,5.230842290434371822e-02,1.682624782691548998e-02,2.446531898294074941e-02,7.142635702785833651e-02
7.710704586757408663e-01,1.045497510405344332e-01,1.271304809177939074e-02,2.289048632715079759e-02,8.877625586479444275e-02
7.504514058825700884e-01,1.709275756577957051e-01,9.243092412028622654e-03,2.149626145194780472e-02,4.788166459565776356e-02
7.454954007774086122e-01,1.874357974032995200e-01,9.093025853622444671e-03,2.122914207042080406e-02,3.674663389524878560e-02
7.786830380852910460e-01,1.399060216304602311e-01,1.018117887708333037e-02,2.233757629324705646e-02,4.889218511391834471e-02
7.797427243678887177e-01,1.602603713738383340e-01,8.885667874367880054e-03,2.293017722774251879e-02,2.818105915616260504e-02
7.984441708804973503e-01,1.091027613103240368e-01,1.843717650799053809e-02,2.238526147769289570e-02,5.163062982349518604e-02
7.871147765044158584e-01,1.835775955289534189e-01,5.889876449666981220e-03,2.341775151696374666e-02,0.000000000000000000e+00
7.583277792705381826e-01,1.380573803496448204e-01,1.215493535489835936e-02,2.184197223330085549e-02,6.961793279161776482e-02
7.975591476237346988e-01,1.064069125933925081e-01,1.246214440977391584e-02,2.352178224712539803e-02,6.005001312597339769e-02
7.414186396211263075e-01,2.344850732675158034e-01,2.872991782568961976e-03,2.122329532878882569e-02,0.000000000000000000e+00
