# DNRN, Denitrification, Anammox, Nitrite Oxidation, CaCO3 Dissolution 
7.772394369092844313e-01,3.051058194515582703e-02,7.433997389680944111e-03,2.447745631533871161e-02,1.603385274405401684e-01
6.881387476535916203e-01,1.598143702281130604e-03,1.096654050487215308e-02,2.112593382684760032e-02,2.781706343124075720e-01
6.135071062948705967e-01,1.346876165385745006e-01,0.000000000000000000e+00,1.783481672058087955e-02,2.339704604459741100e-01
6.455576281914143788e-01,8.820085285585840817e-02,0.000000000000000000e+00,2.009880678266026330e-02,2.461427121700669185e-01
6.365020624235662172e-01,9.011437261756546913e-02,5.053830865886647147e-04,1.997761330617044487e-02,2.529005685661090963e-01
7.690770996627346312e-01,9.828014180275247355e-03,1.044088330204561398e-02,2.389431716292666000e-02,1.867596856920179238e-01
6.821894623007860314e-01,7.721140818234706327e-02,1.389984126768851634e-03,2.164219406597348364e-02,2.175669513241245967e-01
5.395925609199929696e-01,4.160520819620133759e-02,5.962685867784244323e-03,1.631052102208088023e-02,3.965290239939406325e-01
7.035421423632064464e-01,1.051783929410801816e-01,4.031244884033775670e-03,2.105206179457726548e-02,1.661961580171024411e-01
5.356945256043829096e-01,1.127157437124372275e-01,1.038359919187896788e-03,1.579718828733604752e-02,3.347541824766558372e-01
7.086739543358508975e-01,8.864334928502201616e-02,3.982710371848696349e-03,2.162820299006147987e-02,1.770717830172168217e-01
7.270863886851589575e-01,1.791418731197003122e-02,9.964945107477441236e-03,2.236478803149591355e-02,2.226696908638977068e-01
5.846929785789198863e-01,1.004504586667703675e-01,0.000000000000000000e+00,1.804376893701054030e-02,2.968127938172991920e-01
5.997313225033047424e-01,9.499012075468536709e-02,3.188010610223232424e-03,1.788613831701130544e-02,2.842044078147753505e-01
4.910561889109009703e-01,1.068279007361560146e-01,0.000000000000000000e+00,1.458528150983290014e-02,3.875306288431101254e-01
5.492008998131875375e-01,1.041146464873796834e-01,4.735451730601716825e-04,1.661478436418950891e-02,3.295961241621829241e-01
6.950803846630094762e-01,9.450031342898153330e-02,1.607132336922227796e-03,2.163353725463343022e-02,1.871786323164532917e-01
5.947910429126627152e-01,1.070997656638539158e-01,0.000000000000000000e+00,1.820494018265830447e-02,2.799042512408251304e-01
5.928259299266532834e-01,1.232825243763951278e-01,0.000000000000000000e+00,1.764512682198159793e-02,2.662464188749700256e-01
6.521284215081731839e-01,1.071857023626755778e-01,1.272258828120793959e-04,2.022374602050324918e-02,2.203349042258359036e-01
6.776882874920026056e-01,5.361783680172255845e-02,5.999141972546969542e-03,2.083916080524690281e-02,2.418555729284808942e-01
6.298582870806649359e-01,1.253664873502327026e-01,3.104023715311483899e-04,1.897656356621390400e-02,2.254882596313574350e-01
7.031803047657011474e-01,9.848137788346784938e-02,2.566229705240356731e-04,2.217357287946281411e-02,1.759081215008440613e-01
6.087072719908960261e-01,1.103845076817124155e-01,3.204935890778386719e-03,1.783686509186869357e-02,2.598664193447445259e-01
5.669584502760428579e-01,1.243031513359105084e-01,2.539210242719738917e-03,1.622932777876117533e-02,2.899698603665658014e-01
5.893534367211764602e-01,9.790069571970606843e-02,0.000000000000000000e+00,1.797089072677865440e-02,2.947749768323389419e-01
6.940387505529995726e-01,5.853997120673960081e-02,4.177258012667784022e-03,2.176731133497408766e-02,2.214767088926190841e-01
6.400215474236322644e-01,6.772637744301872320e-02,3.194401028951576738e-03,1.992404654007353879e-02,2.691336275643240183e-01
7.054536304669161151e-01,1.112005925406793355e-01,1.401485728481671961e-03,2.166032976567061272e-02,1.602839614982523309e-01
6.488934834725076373e-01,1.641264611608549140e-01,0.000000000000000000e+00,1.875567415984403033e-02,1.682243812067934774e-01
6.489076737510635073e-01,1.097651824938388754e-01,6.967693706698171834e-04,1.990377566981561125e-02,2.207265987146121711e-01
6.065461707662658242e-01,8.567557507178803766e-02,3.791258768532973847e-03,1.818412933633363135e-02,2.858028660570794410e-01
7.078887099483246459e-01,7.436354690453986227e-02,3.402252951338508111e-03,2.208335584926752679e-02,1.922621343465294175e-01
6.485161949581974561e-01,4.594352252940983594e-02,5.570669080306396397e-03,2.011102991912632962e-02,2.798585835129598909e-01
6.623125204955155887e-01,1.548025303425516232e-02,1.128707056295423158e-02,1.981906500665913187e-02,2.911010909006160885e-01
6.805899349462628534e-01,5.217115463621278815e-02,4.704326094643556874e-03,2.130964686240177999e-02,2.412249374604790164e-01
7.428869013266244936e-01,0.000000000000000000e+00,1.193549701637474508e-02,2.303055123097823287e-02,2.221470504260225631e-01
5.931955567799650497e-01,8.654201518083771971e-02,3.843797518147949819e-03,1.768462660136606995e-02,2.987340039196831887e-01
6.466113812003061456e-01,1.350470722888889030e-01,0.000000000000000000e+00,1.938465650326420819e-02,1.989568900075407709e-01
6.394364764114695010e-01,2.337930470733764338e-02,7.123058229536192824e-03,1.991665559155860604e-02,3.101445050600981079e-01
6.931906392366895542e-01,7.814933473714644196e-02,4.123987270425365226e-03,2.129549837745059113e-02,2.032405403782879538e-01
5.918786974134917500e-01,1.584263797717040401e-01,0.000000000000000000e+00,1.684738448381281964e-02,2.328475383309913382e-01
6.291811433466810710e-01,9.004974371336636751e-02,2.084739713417924512e-03,1.931435500795854882e-02,2.593700182185760816e-01
5.978071442456118767e-01,8.365486499199958903e-02,2.340116049498628011e-03,1.830240150728410300e-02,2.978954732056057209e-01
6.727970027679367471e-01,1.064032338280535839e-01,1.273024636276140053e-03,2.066597133849797790e-02,1.988607674292355576e-01
7.736936166384018598e-01,1.012183712047371176e-01,1.236734715442499265e-03,2.431572415617285626e-02,9.953555328524563151e-02
7.720324308736737917e-01,1.258438301742109966e-01,0.000000000000000000e+00,2.367386384275782865e-02,7.844987510935741426e-02
6.954476529872621882e-01,1.006727004845451717e-01,7.069123007041346312e-04,2.173614313846219254e-02,1.814365910890262112e-01
7.125773811848444828e-01,4.069804129075449417e-02,5.959136942847601502e-03,2.236709464755927412e-02,2.183983459339941535e-01
5.804175040905938943e-01,1.262481693233802604e-01,0.000000000000000000e+00,1.719715529828489547e-02,2.761371712877408457e-01
8.254564264578594379e-01,1.675467067359375992e-02,6.785583801510876312e-03,2.664747753273992437e-02,1.243558415342960466e-01
6.821260935810484760e-01,9.474223189250979837e-02,0.000000000000000000e+00,2.146741837694328067e-02,2.016642561494984276e-01
6.484950623417751192e-01,1.473607505720749555e-01,1.871300260896644515e-04,1.914716020109890476e-02,1.848098968589613755e-01
7.108112951663364543e-01,9.739109581092132706e-02,1.606357253189757235e-03,2.211528134487227362e-02,1.680759704246800879e-01
5.122074536173178982e-01,1.081510349516768277e-01,1.827331591541460961e-03,1.487949822567449960e-02,3.629346816137893894e-01
6.680340531596971054e-01,1.021731770975602693e-01,2.941637972988016530e-03,2.016568305364373551e-02,2.066854487161108866e-01
5.947363786134374219e-01,1.022963794313195285e-01,1.759805771810490276e-04,1.832269940081198908e-02,2.844685619772501783e-01
6.793770101924602178e-01,1.196193876964958686e-01,1.057569064073402113e-04,2.089071761779088057e-02,1.800071275868458387e-01
6.477612600958271294e-01,8.730484176025704590e-02,2.760120617288341991e-03,1.985129584525688676e-02,2.423224816813706051e-01
5.503267581392156105e-01,1.286157010148846758e-01,0.000000000000000000e+00,1.602040100601604539e-02,3.050371398398837863e-01
7.424933710156825795e-01,5.864449687044515080e-02,6.249622387041105578e-03,2.291805439120873575e-02,1.696944553356225238e-01
5.860878539858763725e-01,1.248211372339474573e-01,0.000000000000000000e+00,1.733495467597476192e-02,2.717560541042013944e-01
7.412264072930486725e-01,1.675026614321336888e-03,7.472118200358003441e-03,2.388186313971690442e-02,2.257445847525550164e-01
7.217599659977261828e-01,6.066723260518477878e-02,6.331335268630156748e-03,2.212655102714513114e-02,1.891149151013136465e-01
5.213408789706682755e-01,1.410277360744418285e-01,9.331134901455642814e-04,1.466532042454675965e-02,3.220329510401974682e-01
7.979661652224667723e-01,2.965286969926467578e-02,4.301518236168640034e-03,2.603239669940894674e-02,1.420470501426909227e-01
5.739721147950733737e-01,1.294690948906648820e-01,0.000000000000000000e+00,1.697946832801914760e-02,2.795793219862426349e-01
6.282664266211998028e-01,1.117485117875953726e-01,0.000000000000000000e+00,1.889452158346968322e-02,2.410905400077349714e-01
5.796027249979416318e-01,1.017711112606996815e-01,0.000000000000000000e+00,1.760900266656699117e-02,3.010171610747916504e-01
7.017189630777216358e-01,8.262384748268281065e-02,3.646595076730454327e-03,2.161268982039673756e-02,1.903979045424684935e-01
7.951639596373896168e-01,8.746260033251199162e-02,2.358371994547538673e-03,2.509388812894535609e-02,8.992117990660555837e-02
8.037309548344124810e-01,6.259586272757572400e-02,4.902969354641112561e-03,2.531148275352180371e-02,1.034587303298489108e-01
6.117045348261381799e-01,3.534713697004967375e-02,5.890014479599094653e-03,1.899051338571090472e-02,3.280678003385021357e-01
5.552786192165991563e-01,2.884328309444020993e-02,6.401263413528228072e-03,1.704083821413125699e-02,3.924359960613010290e-01
7.064142824610230020e-01,7.520891053587916431e-02,2.582586295536490675e-03,2.222471984252476565e-02,1.935695008650366034e-01
7.247951778533099354e-01,1.196327442075465902e-01,0.000000000000000000e+00,2.214653619010633137e-02,1.334255417490372020e-01
6.445991288097386862e-01,1.162009332045871035e-01,0.000000000000000000e+00,1.974590661046736820e-02,2.194540313752067762e-01
6.776623255396461154e-01,8.085458680200509340e-02,2.659319367451023000e-03,2.107052598847257083e-02,2.177532423024252928e-01
5.811976403530477731e-01,1.342700961086627787e-01,0.000000000000000000e+00,1.674367542289009053e-02,2.677885881153993508e-01
5.952508111624024156e-01,1.259893666258732614e-01,0.000000000000000000e+00,1.742822735391395816e-02,2.613315948578104897e-01
6.976138634450499421e-01,0.000000000000000000e+00,7.836226666339119254e-03,2.234944216693192376e-02,2.722004677216789958e-01
6.096891497878528243e-01,5.580964317794590707e-02,7.403105680723312022e-03,1.805213596362976319e-02,3.090459653898481873e-01
6.522524240299258924e-01,2.291993664339330578e-02,8.193163936928378466e-03,2.009704839563476383e-02,2.965374269941175034e-01
6.347108311748107523e-01,1.276313395923229510e-01,1.682350828992269570e-03,1.873756140402279419e-02,2.172379169998513437e-01
6.763757415755539126e-01,1.138690237633733365e-01,2.705567465172007552e-03,2.024587366596243901e-02,1.868037935299384222e-01
6.822466752346202368e-01,1.213010716832006175e-01,0.000000000000000000e+00,2.079666690267430521e-02,1.756555861795047191e-01
7.296506796392272509e-01,8.540578398311514385e-02,0.000000000000000000e+00,2.310980840461426128e-02,1.618337279730432676e-01
6.401124440468297649e-01,8.052705430640982875e-02,5.411624150135213585e-03,1.905481752446225654e-02,2.548940599721627454e-01
6.732645214491038699e-01,0.000000000000000000e+00,8.490093383248544651e-03,2.134577168524119661e-02,2.968996134824062327e-01
6.383038320122211839e-01,1.001514454528987380e-01,4.574682948236121621e-03,1.875227682896074208e-02,2.382177627576833323e-01
5.067386469990814435e-01,1.386600108896223205e-01,0.000000000000000000e+00,1.443403236876873545e-02,3.401673097425275127e-01
7.068011546375096987e-01,2.535030148903210864e-02,7.747648297917261381e-03,2.205893288554992837e-02,2.380419626899909769e-01
7.021268860028477832e-01,6.721471441886185672e-02,4.799316244309014511e-03,2.168648705386514580e-02,2.041725962801161642e-01
7.126505366500420768e-01,1.008864686297768348e-01,0.000000000000000000e+00,2.216947600476137925e-02,1.642935187154196397e-01
7.260596813446585918e-01,1.031285859975808877e-01,2.053784245788886544e-03,2.239781499915986449e-02,1.463601334128117604e-01
6.650337148426495038e-01,1.203310945137198440e-01,0.000000000000000000e+00,2.028316494069157261e-02,1.943520257029390519e-01
5.565521700452012999e-01,1.220318567916659491e-01,0.000000000000000000e+00,1.639876725129104512e-02,3.050172059118416712e-01
6.975411809797810170e-01,1.090234711861931827e-01,1.217089186636147104e-04,2.176665611663966896e-02,1.715469827987224916e-01
6.501351901191502192e-01,6.039189193898578112e-02,3.800815388622543357e-03,2.029024673253243538e-02,2.653818558207090006e-01
6.839175916652525666e-01,1.239575462486671581e-01,0.000000000000000000e+00,2.095062176999771403e-02,1.711742403160826653e-01
6.727515004325844705e-01,1.258921477973580783e-01,8.985069600038974279e-05,2.051783129313936374e-02,1.807486697809178311e-01
6.150345743319555192e-01,8.154726683370849827e-02,2.998315242500743539e-03,1.878178642042986624e-02,2.816380571714053316e-01
7.093264393791054445e-01,1.050592683597986188e-01,0.000000000000000000e+00,2.202742774343626961e-02,1.635868645176597469e-01
7.855420978496328033e-01,1.004177229397294480e-01,0.000000000000000000e+00,2.481318181097864201e-02,8.922699739965905819e-02
6.384585135596890781e-01,7.527838655637687781e-02,3.250405855942713022e-03,1.967937451330723994e-02,2.633333195146839723e-01
6.596366003305418335e-01,1.152286446425491440e-01,1.117006846389708785e-03,2.004206880701560681e-02,2.039756793735038043e-01
6.973986167369807809e-01,4.166232177414629784e-02,3.657750677078423253e-03,2.241168295634464805e-02,2.348696278554499306e-01
6.130386551477703394e-01,1.581693254492063175e-02,6.029595913386498821e-03,1.945506790944294059e-02,3.456597484844795565e-01
6.687218055213295376e-01,4.364641638921121225e-02,6.887155504408971028e-03,2.052808640140662069e-02,2.602165361836434876e-01
6.656807607620084388e-01,9.859334142066386586e-02,0.000000000000000000e+00,2.086974258960402201e-02,2.148561552277236664e-01
6.694113659286723417e-01,7.325376930071839099e-02,1.565562125994337953e-03,2.124296011652936425e-02,2.345263425280856850e-01
7.053007160777788886e-01,3.522716857015061043e-02,7.359385184980715179e-03,2.187753270246447015e-02,2.302351974646253685e-01
6.202434971777426309e-01,7.232885131828613312e-02,4.995634632293127243e-03,1.866017372585236644e-02,2.837718431458257085e-01
6.751414528765525835e-01,8.831857509674628792e-02,3.896929927639896252e-03,2.048821268524526201e-02,2.121548294138159707e-01
6.017464527316256362e-01,8.462117817127033648e-02,2.728947147486481591e-03,1.831656564759982786e-02,2.925868563020177504e-01
5.672130310232278427e-01,9.513384970180716049e-02,0.000000000000000000e+00,1.739899093334795407e-02,3.202541283416172613e-01
6.172331488284944490e-01,3.688112059384674596e-02,5.927196907484818221e-03,1.913806647547001277e-02,3.208204671947040287e-01
5.852641450736162376e-01,1.337635125420209570e-01,0.000000000000000000e+00,1.701852526223267617e-02,2.639538171221300633e-01
6.698651360212599659e-01,1.461439594687498067e-01,0.000000000000000000e+00,1.991361396165521047e-02,1.640772905483350308e-01
6.311341278576075853e-01,1.031974188145649979e-01,2.073588904515647618e-03,1.907961317460933615e-02,2.445152512487024365e-01
6.413384753504381974e-01,8.559982069568819463e-02,2.208091401751452985e-03,1.980997645692133408e-02,2.510436360952008061e-01
6.398471224258418522e-01,6.412285599165534755e-02,4.284289849406776839e-03,1.971926408941520811e-02,2.720264676436809359e-01
5.784231298701851820e-01,3.816120740319125550e-03,9.538771741619014172e-03,1.761701521158066594e-02,3.906049624362959993e-01
7.814367979239288386e-01,4.784416102901890150e-02,6.316083275257377769e-03,2.451053700799040586e-02,1.398924207638044814e-01
6.850582120180117585e-01,1.066312716571505559e-01,6.038481272255518534e-05,2.140271731504227171e-02,1.868474141970727920e-01
6.066064381561628860e-01,7.991366555189594045e-02,4.083478646372951451e-03,1.824448660602488032e-02,2.911519310395433990e-01
6.737764439424631657e-01,5.191365894187346432e-04,9.323003460792558469e-03,2.107600728093615011e-02,2.953054087263895511e-01
6.087818091268727416e-01,9.365724443764276985e-02,0.000000000000000000e+00,1.876894195829266823e-02,2.787920044771917683e-01
5.695758035472434644e-01,9.761607605556074652e-02,0.000000000000000000e+00,1.717925241537032743e-02,3.156288679818254894e-01
5.935319320014215139e-01,1.229309473070026304e-01,0.000000000000000000e+00,1.766555426353344158e-02,2.658715664280423829e-01
6.243722216182467921e-01,9.320292674862724891e-02,1.092528333548792698e-03,1.933044882311324431e-02,2.620018744764640028e-01
6.575224342664490740e-01,4.751365462835231007e-02,6.672436994694805161e-03,2.010311661033208075e-02,2.681883575001717257e-01
7.333009965099464011e-01,9.392040395013963316e-02,0.000000000000000000e+00,2.330994967986943500e-02,1.494686498600445168e-01
6.394496298859343453e-01,9.453491415101517026e-02,1.902473002335727109e-03,1.961550694827763827e-02,2.444974760124370705e-01
5.600856344059124137e-01,1.458587650515180412e-01,3.920472811026204786e-04,1.604482208254179310e-02,2.776187311789249934e-01
6.383857199940995431e-01,5.888143519578001306e-02,4.086354585288260073e-03,1.984148264148834911e-02,2.788050075833439223e-01
6.691099546562540024e-01,6.078408085148422069e-02,4.494111293425968705e-03,2.076335515025511114e-02,2.448484980485806650e-01
6.214352487302775563e-01,1.280474295139530372e-01,0.000000000000000000e+00,1.852913263751387526e-02,2.319881891182555556e-01
6.671440348581602064e-01,1.400881609861148180e-01,2.768032678980706697e-05,2.000818823546294742e-02,1.727319355934723022e-01
6.476190596114621556e-01,3.086640165280490206e-02,7.836421211013603824e-03,1.984307963016449655e-02,2.938350378945547847e-01
6.022546064103821983e-01,1.391621845392989054e-01,0.000000000000000000e+00,1.761977190973493951e-02,2.409634371405840192e-01
7.026310393172072732e-01,9.962439582693610740e-02,0.000000000000000000e+00,2.192781025560659389e-02,1.758167546002499804e-01
7.365559022648475729e-01,6.311832872632158753e-02,5.792347691152766737e-03,2.272540954171556327e-02,1.718080117759624714e-01
6.993977728155111873e-01,9.098654097089628467e-02,2.775411193739652123e-03,2.156304518414804000e-02,1.852772298357048264e-01
6.123870050182865787e-01,9.084643808893370920e-02,2.211741155649275294e-03,1.867704641992933359e-02,2.758777693172009826e-01
6.557211527449239297e-01,7.035377074594779956e-02,4.438419894948829325e-03,2.008817126324128136e-02,2.493984853509380595e-01
6.561038663624090272e-01,1.034539027824857987e-01,1.307156052284465892e-03,2.014337569066265710e-02,2.189916991121581002e-01
5.711061469177718397e-01,8.795814431974015302e-02,6.230880919514431449e-04,1.771591972706957133e-02,3.225967009434670407e-01
6.517881675089610694e-01,1.292560880918942889e-01,0.000000000000000000e+00,1.954707338961559834e-02,1.994086710095290538e-01
6.945264949216893857e-01,0.000000000000000000e+00,8.374396521282856387e-03,2.231135863680511547e-02,2.747877499202225904e-01
6.626191633266346193e-01,1.104431961767931604e-02,8.153807471107929472e-03,2.074507107932944613e-02,2.974376385052487359e-01
7.165037746344044001e-01,1.363788551182707476e-01,1.559727453666538049e-04,2.178310726964283184e-02,1.251782902323153035e-01
6.801765690178855905e-01,7.521462380430028738e-02,3.808894640745470305e-03,2.099142599113597990e-02,2.198084865459328241e-01
6.677955436743545636e-01,1.190668778580886156e-01,3.547345029816118250e-03,1.960748318155357620e-02,1.899827502561869941e-01
6.592827276644062096e-01,4.366337968924421248e-02,5.272389696479595940e-03,2.061696068723782582e-02,2.711645422626320912e-01
6.802180183320482021e-01,5.797198036831158890e-02,5.218328160289674271e-03,2.102853864486026875e-02,2.355631344944902617e-01
7.414318811785155505e-01,1.369691547274254073e-01,0.000000000000000000e+00,2.254360101001386466e-02,9.905536308404515322e-02
6.821572742328941841e-01,1.416905124329858323e-01,0.000000000000000000e+00,2.030308223653085400e-02,1.558491310975889110e-01
5.938987014652131746e-01,7.928369316792535648e-02,4.955722644158125356e-03,1.758974211041056113e-02,3.042721406122929073e-01
6.690203053382216547e-01,1.303582017562944506e-01,0.000000000000000000e+00,2.018253237844049031e-02,1.804389605270434738e-01
6.190756396112602200e-01,9.377090397347054296e-02,1.072401644846469361e-03,1.913768614255811212e-02,2.669433686278646078e-01
5.835689211026428014e-01,1.230231021846548978e-01,0.000000000000000000e+00,1.748283831658422813e-02,2.759251383961181525e-01
5.626194170390352856e-01,4.990137711991613628e-02,5.661805260102023042e-03,1.699886378295639711e-02,3.648185367979900895e-01
7.349392250324058296e-01,1.394853403970252315e-01,0.000000000000000000e+00,2.213912017394539106e-02,1.034363143966236243e-01
6.764653015756674215e-01,7.256456102732673774e-02,3.597656122403705085e-03,2.097834198246228965e-02,2.263941392921397788e-01
6.619335456363432124e-01,9.324592031455417040e-02,0.000000000000000000e+00,2.060052548221694146e-02,2.242200085668855647e-01
6.752216759035304383e-01,1.303335809154909375e-01,0.000000000000000000e+00,2.050342961418192070e-02,1.739413135667966237e-01
6.992020687094148146e-01,1.231114028276831251e-01,0.000000000000000000e+00,2.145574965669006656e-02,1.562307788062118896e-01
6.646555249903043361e-01,7.819218422823563663e-02,2.569853065589388502e-03,2.070189166778277010e-02,2.338805460480878895e-01
6.817569392930269423e-01,6.923435827239542151e-02,2.897118774511300322e-03,2.142196766021221832e-02,2.246896159998540143e-01
6.575966928309002757e-01,7.287493543131041973e-02,4.976950598170816649e-03,1.995537912294068073e-02,2.445960420166777560e-01
6.509196511452710610e-01,6.923273086564657453e-02,6.167765477235965556e-03,1.949849302327068962e-02,2.541813594885756200e-01
6.295133081242005879e-01,7.724445820909506266e-02,2.663007945885244483e-03,1.947385362409269696e-02,2.711053720967264158e-01
6.924633010861652727e-01,7.189216991961008829e-02,4.794076126413917074e-03,2.124195349576902744e-02,2.096084993720418732e-01
5.978268943072517771e-01,8.171396026548251312e-02,3.255095488494977492e-03,1.811106388147654470e-02,2.990929860572942300e-01
7.560488193708903015e-01,7.052915516567766219e-02,2.885250680292571635e-03,2.398659636346395230e-02,1.465501784196754642e-01
7.321011785401433380e-01,1.904420543571526750e-02,5.566659818928984364e-03,2.365349162912113237e-02,2.196344645760912873e-01
7.076109111440477273e-01,1.473459725665616504e-01,0.000000000000000000e+00,2.123102209059684817e-02,1.238120941987937568e-01
6.446090201325684887e-01,8.383023755958593504e-02,3.226539851507214188e-03,1.970123889096137351e-02,2.486329635653768688e-01
6.049817409372961752e-01,1.349440246085160666e-01,7.521527755252218044e-04,1.777151071024023546e-02,2.415505709684223901e-01
7.449114748660212726e-01,6.722398899284473539e-02,6.674311513905947790e-03,2.269280523064871880e-02,1.584974193965792977e-01
5.829300429173647213e-01,1.258825595893254823e-01,8.710686242060964408e-04,1.718214949453333168e-02,2.731341793745702962e-01
6.854061991982416391e-01,6.122905165715124276e-02,5.774493894280255217e-03,2.098962237696020902e-02,2.266006328733667363e-01
6.628326436172607972e-01,1.157906804573054643e-01,0.000000000000000000e+00,2.042880873255819435e-02,2.009478671928754678e-01
6.090906633233326151e-01,1.648014648301116825e-01,4.722627186845373775e-04,1.729303463275431649e-02,2.083425744951167835e-01
5.817535098127352144e-01,9.461658992191490647e-02,1.529657832358862846e-03,1.769751890215697995e-02,3.044027235308341961e-01
6.733861602796658019e-01,1.067261227885089349e-02,8.731413609940587989e-03,2.097960453103219283e-02,2.862302093005105741e-01
6.847851839069005742e-01,6.417547204894030743e-02,6.609000314112795961e-03,2.068313104708284153e-02,2.237472126829636587e-01
6.315531761486233853e-01,1.079528173300799143e-01,2.676961593808528661e-03,1.882724509268081034e-02,2.389897998348073926e-01
6.070358252054512960e-01,1.021889472800667775e-01,1.494467484681276858e-03,1.841250871463578909e-02,2.708682513151648985e-01
6.968227228790461192e-01,6.347012723857613226e-02,4.455434965466302695e-03,2.167767047702586977e-02,2.135740444398856186e-01
6.591898184963852492e-01,7.465988343147440809e-02,2.694635087814803084e-03,2.056102443027142332e-02,2.428946385540541042e-01
6.132289753165185431e-01,1.145109414763915145e-01,8.708133265889844927e-04,1.850364847854864964e-02,2.528856214019523652e-01
6.036460968127638216e-01,4.299704208043193115e-02,5.231952371777795832e-03,1.870206057602095615e-02,3.294228481590055768e-01
5.961368993557806251e-01,5.945964590524032561e-02,6.662943533703297866e-03,1.768633411059912855e-02,3.200541770946767062e-01
5.101454230374058429e-01,7.630873745470194425e-02,3.381162258466719438e-03,1.514533218607890322e-02,3.950193450633465719e-01
5.949195402906105601e-01,1.422326716679889191e-01,0.000000000000000000e+00,1.739008434117496685e-02,2.454577037002255713e-01
6.760892322814500144e-01,1.419781507219300964e-01,0.000000000000000000e+00,2.000513404640745507e-02,1.619274829502124480e-01
6.668026653562700856e-01,4.544113708593151835e-02,4.150131191182468773e-03,2.112884069860925321e-02,2.624772256680067972e-01
6.718722589934784661e-01,7.101582234266767824e-02,2.498083419202577933e-03,2.113914265392436917e-02,2.334746925907267567e-01
6.250936948677129346e-01,1.155206524767721094e-01,0.000000000000000000e+00,1.895819901146173284e-02,2.404274536440532961e-01
6.203814136408938307e-01,1.112554106723921549e-01,0.000000000000000000e+00,1.870459560662750265e-02,2.496585800800864841e-01
6.138232801751540846e-01,1.180405908931994596e-01,2.071050276728175592e-03,1.813119196316603440e-02,2.479338866917523143e-01
6.544041585671387384e-01,1.122155321223032298e-01,0.000000000000000000e+00,1.989399493973860455e-02,2.134863143708193856e-01
6.624154656092042792e-01,1.242033369105369905e-01,0.000000000000000000e+00,2.000946808385570957e-02,1.933717293964029860e-01
7.049074609844145911e-01,4.286657402843681991e-02,6.311770587807125424e-03,2.195769577354513696e-02,2.239564986257964463e-01
6.337572568940800233e-01,1.276363334486937673e-01,0.000000000000000000e+00,1.900806181199979697e-02,2.195983478452264159e-01
6.023135866098121571e-01,1.027354437565057427e-01,1.136577902687369674e-03,1.832783018685792478e-02,2.754865615441368099e-01
5.584704166842340278e-01,1.259805688451210437e-01,3.034116949797582060e-03,1.576593304331168344e-02,2.967489644775356261e-01
6.856508066522511990e-01,4.796360251878782621e-02,6.349759229540562731e-03,2.115754647842342170e-02,2.388782851209969305e-01
6.905954634157844829e-01,1.070454070981141231e-01,2.248174482645746205e-03,2.101917391264325821e-02,1.790917810908122798e-01
6.528779921239055151e-01,1.466189207344900658e-01,0.000000000000000000e+00,1.917429115560298145e-02,1.813287959860013510e-01
6.704927536695103329e-01,1.982743263121012137e-02,7.553369185374607907e-03,2.097111530989536482e-02,2.811553292040096519e-01
6.363546087320773870e-01,1.102283026634174323e-01,7.031253409029379056e-04,1.945344557523755874e-02,2.332605176883647824e-01
6.165163776424009701e-01,6.709117813083513571e-02,5.287779767337942582e-03,1.857623616914256051e-02,2.925284282902834154e-01
5.601207294491661326e-01,7.535311515055177767e-02,1.344888480583127360e-03,1.743874478215589469e-02,3.457425221375431401e-01
6.790355045188123384e-01,2.800755070158156279e-02,7.668896423119357826e-03,2.104894692661409342e-02,2.642391014298725027e-01
7.011971656168112244e-01,5.220091546534943311e-02,4.730160782720345750e-03,2.202113936014401738e-02,2.198506187749748320e-01
6.820869424578707152e-01,6.812742996152493236e-02,2.804707155053143969e-03,2.148317570993264064e-02,2.254977447156185089e-01
6.290650576253777881e-01,9.686403474285053272e-02,0.000000000000000000e+00,1.965229991593008332e-02,2.544186077158415160e-01
6.239207796375364490e-01,7.563785881563866997e-02,3.901630822235501589e-03,1.899506877152154841e-02,2.775446619530677062e-01
6.268783920616415317e-01,1.058457386987374099e-01,0.000000000000000000e+00,1.940081032365982214e-02,2.478750589159612328e-01
6.279566087517183259e-01,7.500289197439082012e-02,4.782860441078296172e-03,1.892220881115622838e-02,2.733354300216562782e-01
5.511277312306618326e-01,1.389799435259168880e-01,8.178750891308199378e-04,1.578192492321743925e-02,2.932925252310729647e-01
5.657961642518763989e-01,1.253986078976429552e-01,2.796710670578262184e-03,1.609656111487390781e-02,2.899119560650284533e-01
6.217578959570354558e-01,3.627414152257957963e-02,6.745947609737683488e-03,1.909780613747806555e-02,3.161242087731693240e-01
6.300305942588232400e-01,1.083088623505710085e-01,1.297294354255058933e-03,1.912346184855392983e-02,2.412397871877967337e-01
6.106341223926643469e-01,0.000000000000000000e+00,1.070806161531068397e-02,1.870880629257102787e-02,3.599490096994539257e-01
6.242666286017634070e-01,8.011070139358081321e-02,3.877912551900973559e-03,1.890926125860517212e-02,2.728354961941496515e-01
6.220391600864638715e-01,1.333678833783036310e-01,4.872456292676655100e-05,1.858554133808398845e-02,2.259586906342217483e-01
6.928429434927135810e-01,9.420579370471558744e-02,0.000000000000000000e+00,2.194022895062301692e-02,1.910110338519477868e-01
5.940676178618922165e-01,1.069372797340019804e-01,1.428387516340219425e-03,1.786681521046596527e-02,2.796998996772996349e-01
6.605900002352232958e-01,5.210034497004337184e-02,6.308085961839010949e-03,2.019790084043547596e-02,2.608036679924588541e-01
7.371988988106297214e-01,2.879586088399598010e-02,8.073272199934445129e-03,2.295482284243233889e-02,2.029771452630075301e-01
6.962525208054769488e-01,0.000000000000000000e+00,9.240485930931430572e-03,2.200891196051260254e-02,2.724980813030790650e-01
6.162732629901099823e-01,1.393816417124180695e-01,0.000000000000000000e+00,1.814102743150648039e-02,2.262040678659654747e-01
6.745396941524176571e-01,1.214931424505002605e-01,4.099127234428542486e-04,2.059955471625355902e-02,1.829576959573855910e-01
6.315213902801337653e-01,6.696004970631407038e-02,0.000000000000000000e+00,2.028181399531290771e-02,2.812367460182390588e-01
5.704925622481840097e-01,8.970704486381379794e-02,4.329300772106410393e-03,1.669318603743154966e-02,3.187779060784642349e-01
7.126805514987537560e-01,1.079706784335142528e-01,4.645449064013280335e-05,2.233878121828396235e-02,1.569635343588078880e-01
6.157539561055458410e-01,1.127358021238892144e-01,2.479077832009209462e-03,1.821614992020829937e-02,2.508150140183473820e-01
6.450470869975865051e-01,1.247258693265993618e-01,0.000000000000000000e+00,1.954980214203002123e-02,2.106772415337840876e-01
7.769613260263540377e-01,1.090520509803173110e-01,0.000000000000000000e+00,2.421450044403272023e-02,8.977212254929592405e-02
5.861697753868343463e-01,1.269807640512830293e-01,3.518385297736271360e-04,1.740421269255072040e-02,2.690934093395583315e-01
7.609328290061631028e-01,5.133144035740876132e-02,4.277992764247806959e-03,2.424243469590496927e-02,1.592153031762753301e-01
6.080808898451740552e-01,1.030129335542140229e-01,0.000000000000000000e+00,1.872348494511623732e-02,2.701826916554956326e-01
7.312014449088284351e-01,0.000000000000000000e+00,5.284558968589139413e-03,2.419499493571845503e-02,2.393190011868641109e-01
6.143842358783049296e-01,5.408026367382506860e-02,6.661204875394722419e-03,1.844844383496745469e-02,3.064258517375079149e-01
6.644058068203627654e-01,8.850878155486810450e-02,5.178553560199287802e-03,1.977707840776881526e-02,2.221297796568011684e-01
6.568161373710749151e-01,7.819376921081389042e-02,3.594147279032340863e-03,2.016287987928973291e-02,2.412330662597891029e-01
5.253413247893223836e-01,1.217943839869108785e-01,0.000000000000000000e+00,1.512378423823182438e-02,3.377405069855348718e-01
6.736053407371165314e-01,6.300247668745959095e-02,6.469304991621208263e-03,2.035661181538131817e-02,2.365662657684213244e-01
6.211701981884415469e-01,1.225955666855696596e-01,6.786993280960202431e-04,1.864245776294676249e-02,2.369130780349459897e-01
6.916988142628409664e-01,8.968257331653679831e-02,3.076986005736975435e-03,2.124662419788752796e-02,1.942950022169977753e-01
5.363993705778750121e-01,1.315282662412569914e-01,0.000000000000000000e+00,1.541294885051943883e-02,3.166594143303483877e-01
5.898934917827570734e-01,3.384224361048306789e-02,6.835723775591780182e-03,1.801950581483621056e-02,3.514090350163318055e-01
6.332290004276528439e-01,0.000000000000000000e+00,1.122587293683235607e-02,1.920178628352049027e-02,3.363433403519942577e-01
7.342119379992360084e-01,1.007767281083944561e-01,0.000000000000000000e+00,2.313865709220131253e-02,1.418726768001683514e-01
6.475904584957741239e-01,1.171464827697691197e-01,2.508611620168610097e-05,1.986026697015553719e-02,2.153777056480995766e-01
6.421629632823132594e-01,1.249176355261613913e-01,0.000000000000000000e+00,1.946802230690553026e-02,2.134513788846200688e-01
6.396168849356236308e-01,0.000000000000000000e+00,9.267068070577748340e-03,1.998421714799341470e-02,3.311318298458052478e-01
6.652361671717770264e-01,4.625879794477968932e-02,4.260508459319856112e-03,2.102656811589014366e-02,2.632179583082332464e-01
7.126688378236808452e-01,0.000000000000000000e+00,1.035948589804723541e-02,2.242590268009417992e-02,2.545457735981777048e-01
6.079658413012720697e-01,1.169302044276872843e-01,1.762807824340623239e-03,1.803257590451946141e-02,2.553085705421805351e-01
6.652542643234433672e-01,1.241587429470319970e-01,1.602329607952983305e-03,1.990456596773052325e-02,1.890800971538410535e-01
7.207073282561562433e-01,4.579204977837902230e-02,5.603567995703015968e-03,2.262440499246677617e-02,2.052726489772948859e-01
6.112487267311336181e-01,1.523615086341927050e-01,0.000000000000000000e+00,1.776322314343969921e-02,2.186265414912338667e-01
5.581134883916826217e-01,8.057259655001329512e-02,3.791613082007675491e-03,1.661314328660192657e-02,3.409091586896945136e-01
7.235174334927249040e-01,4.078438680934855232e-02,5.641285024578873014e-03,2.282911689640340636e-02,2.072277777769441776e-01
6.255125950019675418e-01,9.695068344451152065e-02,1.586713953978057152e-03,1.915497921982017154e-02,2.567950283797227340e-01
6.525386257561326397e-01,9.543735317704726828e-02,2.031554329918980242e-03,2.001766995456259052e-02,2.299747967823386752e-01
6.601382644737094907e-01,3.530279848462896525e-02,6.798941480122589441e-03,2.044555454133572051e-02,2.773144410202033061e-01
5.408018252162424266e-01,8.642346013234329660e-02,3.319617016427520335e-03,1.599550249932230050e-02,3.534595951356643284e-01
6.386480466491860630e-01,1.410254558074167941e-01,0.000000000000000000e+00,1.874311257124793018e-02,2.015833849721493654e-01
5.196219393000350850e-01,1.098129017072679015e-01,0.000000000000000000e+00,1.518601485403916346e-02,3.553791441386577876e-01
7.047043189996313739e-01,5.089006436659229693e-02,7.856883363298608480e-03,2.136351942890524214e-02,2.151852138415723537e-01
6.104374819076459069e-01,1.187744278119808594e-01,0.000000000000000000e+00,1.807345558589021350e-02,2.527146346944829092e-01
7.009794707378647072e-01,5.740613088549726545e-02,5.652263445573816811e-03,2.165348228587657409e-02,2.143086526451876694e-01
7.039626088755676081e-01,1.373491517950682084e-01,0.000000000000000000e+00,2.136011939748812608e-02,1.373281199318760470e-01
6.734844206876590134e-01,1.821798363923993469e-01,1.152246334158383472e-03,1.895900031999991214e-02,1.242244962657834545e-01
5.963610784923004671e-01,1.184574559412208544e-01,1.070184391756424892e-03,1.777175645400473972e-02,2.663395247207174243e-01
6.497668974785139051e-01,1.337874268428248803e-01,0.000000000000000000e+00,1.945007401290486590e-02,1.969956016657562758e-01
6.529388980551472654e-01,7.622412314937695998e-02,4.089991644716095033e-03,1.994490510736951494e-02,2.468020820433902141e-01
5.672416332942508133e-01,9.010040674718598763e-02,4.958199300600195716e-03,1.640761818412299344e-02,3.212921424738400811e-01
5.967630560913264048e-01,8.195798962827861855e-02,5.767876963932648884e-03,1.741695974149929868e-02,2.980941175749627914e-01
6.717588016881494983e-01,1.332888190050447175e-01,0.000000000000000000e+00,2.013253265674384840e-02,1.748198466500619774e-01
6.671564487837137181e-01,6.256699310636089362e-02,4.875665448737909191e-03,2.055484452404059831e-02,2.448460481371469155e-01
6.363088883408950513e-01,3.191970043252292943e-02,6.579968868022356525e-03,1.974970460559289862e-02,3.054417377529668465e-01
6.961195069220060816e-01,3.803023305960383932e-02,8.985342772512571602e-03,2.107060834786216724e-02,2.357943088980151425e-01
6.495932813149828400e-01,1.345909033360029872e-01,1.555995994965175258e-03,1.912763413516537642e-02,1.951321852188835915e-01
5.798512994725418812e-01,8.308787787355782772e-02,2.628179717411650938e-03,1.761453303685953445e-02,3.168181098996289413e-01
6.615051070535979960e-01,1.177999955212108707e-01,0.000000000000000000e+00,2.015757477083209015e-02,2.005373226543590015e-01
5.682978628365205065e-01,8.922879086437894569e-02,2.055879731268591293e-03,1.721702095327641568e-02,3.232004456145555205e-01
6.646548764793621666e-01,9.222077915372227375e-02,3.742316595886534432e-03,2.007171612286755627e-02,2.193103116481614490e-01
6.307646902345165341e-01,8.093431513118538867e-02,6.124292726354630019e-03,1.853452603925671502e-02,2.636421758686867123e-01
6.048791014003511712e-01,1.501800693353075866e-01,0.000000000000000000e+00,1.747885712439968195e-02,2.274619721399416261e-01
6.218178201719036791e-01,1.399990430720438883e-01,0.000000000000000000e+00,1.839221079248589547e-02,2.197909259635664470e-01
5.674481982300225713e-01,7.375561234142143097e-02,4.837721141527277433e-03,1.682616616895555098e-02,3.371323021180731017e-01
6.766840248682292058e-01,1.159003105188460142e-01,0.000000000000000000e+00,2.067554472544709185e-02,1.867401198874776014e-01
7.805250050371473902e-01,1.203186737873475354e-01,0.000000000000000000e+00,2.425563362674765938e-02,7.490068754875749135e-02
5.933932729179000054e-01,6.659809472969341337e-02,4.486468594976289991e-03,1.798875746303452497e-02,3.175334062943957480e-01
6.470993598310503803e-01,1.268392096810051217e-01,5.406828293721268686e-04,1.948407787975983685e-02,2.060366697788124368e-01
6.408016964624796419e-01,6.530368397548748371e-02,3.466436628875507915e-03,1.993709190590222877e-02,2.704910910272550484e-01
5.589685152705142768e-01,1.347680185234427230e-01,0.000000000000000000e+00,1.635780004438459889e-02,2.899056661616582486e-01
6.280351766131087032e-01,9.690840469160028059e-02,3.508598325475459009e-03,1.874580683799422637e-02,2.528020135318214123e-01
6.652534710117122829e-01,1.398930049046943347e-01,0.000000000000000000e+00,1.992618904276660663e-02,1.749273350408267202e-01
6.465871771804041490e-01,1.003872968463989518e-01,2.569714112099836210e-03,1.955544673590780408e-02,2.309003651251891609e-01
6.090769977127482582e-01,1.055844630973413883e-01,3.563566163924709526e-03,1.786843502730181207e-02,2.639065379986837434e-01
6.915105057125242594e-01,1.195084495803446917e-01,1.534411429637599650e-03,2.094626364341394681e-02,1.665003696340795480e-01
6.607701534844641067e-01,1.466980138633569297e-01,0.000000000000000000e+00,1.940789423035438679e-02,1.731239384218244692e-01
6.848327375364752223e-01,1.216274015231244982e-01,0.000000000000000000e+00,2.103653433636311007e-02,1.725033266040371938e-01
5.558592938557598284e-01,1.213248344718237670e-01,0.000000000000000000e+00,1.638198585340600727e-02,3.064338858190104875e-01
6.708415478799534259e-01,9.516659313775778506e-02,0.000000000000000000e+00,2.098771315412814933e-02,2.130041458281605737e-01
7.752575588089637426e-01,3.126756657208918516e-02,4.183940465214834245e-03,2.523313443961480024e-02,1.640577997141174915e-01
5.965309267750825706e-01,1.046552977616909824e-01,0.000000000000000000e+00,1.813866199889956760e-02,2.806751134643268863e-01
7.308304359832740182e-01,1.464329405848933119e-01,0.000000000000000000e+00,2.194086350001919414e-02,1.007957599318136388e-01
5.817890750626207863e-01,3.714634188560687195e-02,6.731647471285207365e-03,1.768692092050914294e-02,3.566460146599781389e-01
7.150791659023328917e-01,8.049796171926366928e-02,4.138108070113011468e-03,2.200079756337122022e-02,1.782839667449192256e-01
7.017014765709880253e-01,8.867993107638427741e-02,2.328920930379805372e-04,2.235607725331529086e-02,1.870296230062744036e-01
