# DNRN, Denitrification, Anammox, Nitrite Oxidation, CaCO3 Dissolution 
7.914706462802457709e-01,1.150984929875069063e-01,7.560217734688167227e-04,2.267784212020899220e-02,6.999699683856944188e-02
8.133081010589204851e-01,1.616325521383683017e-01,0.000000000000000000e+00,2.505934680271115073e-02,0.000000000000000000e+00
8.483636079265354235e-01,1.261181864576339795e-01,1.189522321694015759e-03,2.432868329413667707e-02,0.000000000000000000e+00
8.101787149442334357e-01,1.383720137650612247e-01,3.398827644525112307e-04,2.345227238148052049e-02,2.765711614477211686e-02
9.368250474107310266e-01,1.574585930211784557e-02,7.953405065130892196e-03,2.981933908559709218e-02,9.656349136423249269e-03
8.589100293910323369e-01,5.149579313354687993e-02,0.000000000000000000e+00,2.841247315116371061e-02,6.118170432425708988e-02
7.700552411793893937e-01,4.732329187156265188e-02,5.852490078817169060e-03,2.443851693273253051e-02,1.523304599374982748e-01
9.647003350244978126e-01,0.000000000000000000e+00,5.093542273135543211e-03,3.020612270236658695e-02,0.000000000000000000e+00
7.654268432437824066e-01,1.206872636430977169e-01,0.000000000000000000e+00,2.348702079474186341e-02,9.039887231837806514e-02
8.989410571550068285e-01,6.956703341863039458e-02,4.242299218346168126e-03,2.724961020801677444e-02,0.000000000000000000e+00
7.271229845577422690e-01,1.267142353530491261e-01,1.157471161413424921e-03,2.155766593372669335e-02,1.234476429940684628e-01
9.612438974882171472e-01,0.000000000000000000e+00,7.743660374310438847e-03,3.101244213747233677e-02,0.000000000000000000e+00
9.254566702360262909e-01,0.000000000000000000e+00,9.760051733374920310e-03,2.863721687309434341e-02,3.614606115750457205e-02
7.927801215223727604e-01,9.886726137538001669e-02,0.000000000000000000e+00,2.441537118692733294e-02,8.393724591531999402e-02
7.134823959263084658e-01,1.806016432671354588e-01,0.000000000000000000e+00,2.084066865632487262e-02,8.507529215023108826e-02
8.464269146628151663e-01,0.000000000000000000e+00,4.131084909732095356e-03,2.738536536154779696e-02,1.220566350659048616e-01
9.075915437037610500e-01,6.071373416931652445e-02,5.762885385111724337e-03,2.593183674181069251e-02,0.000000000000000000e+00
8.651133746308337091e-01,1.053057566199307044e-01,2.559782810613244960e-03,2.702108593862222186e-02,0.000000000000000000e+00
8.876763095240421952e-01,8.198336139056877636e-02,2.484983685907991499e-03,2.785534539948114272e-02,0.000000000000000000e+00
9.214505552188115844e-01,4.423018411699234514e-02,5.687863990631536470e-03,2.863139667356438475e-02,0.000000000000000000e+00
7.671037509480136407e-01,1.194353558361338774e-01,0.000000000000000000e+00,2.340040012306052880e-02,9.006049309279204329e-02
9.146083739318237038e-01,4.144711462946050994e-03,5.249489890111902132e-03,2.744830487588582543e-02,4.854911983923245605e-02
8.788564012288555549e-01,9.351836208875176359e-02,1.491651416492669868e-03,2.613358526589997649e-02,0.000000000000000000e+00
9.276854380657342247e-01,4.045408783854920198e-02,3.144674585764611376e-03,2.871579950995184136e-02,0.000000000000000000e+00
8.239821557252492434e-01,1.252744581259200018e-01,0.000000000000000000e+00,2.351384678258254188e-02,2.722953936624837937e-02
8.388786301446766736e-01,5.268991002431651360e-02,2.646218486951719059e-03,2.509900450295283331e-02,8.068623684110218242e-02
8.795748049331839624e-01,9.077197088054346497e-02,4.500237317981527208e-03,2.515298686829095173e-02,0.000000000000000000e+00
8.216926331872818068e-01,7.927089484031854538e-02,0.000000000000000000e+00,2.499603767089049466e-02,7.404043430150912541e-02
6.462196237305652957e-01,1.705901766447555923e-01,0.000000000000000000e+00,1.947907399700534933e-02,1.637111256276737870e-01
8.307259913389428707e-01,1.147206548950609611e-01,0.000000000000000000e+00,2.433961103370784612e-02,3.021374273228834284e-02
8.026377648137766885e-01,1.278501402100664375e-01,0.000000000000000000e+00,2.495374900931872364e-02,4.455834596683792836e-02
6.738642822511767827e-01,9.626254513432998261e-02,0.000000000000000000e+00,2.082473041664839597e-02,2.090484421978449081e-01
9.615769544437461347e-01,0.000000000000000000e+00,6.557384177585189912e-03,3.186566137866850973e-02,0.000000000000000000e+00
8.077202316275237104e-01,1.170665698335103116e-01,0.000000000000000000e+00,2.531633145028868923e-02,4.989686708867707016e-02
8.603229735903255015e-01,1.371898450101400983e-02,3.356866578336163264e-03,2.820631623057101231e-02,9.439485909975338374e-02
8.074514968860462272e-01,1.447166979975411938e-01,0.000000000000000000e+00,2.352664634985256534e-02,2.430515876655987492e-02
8.142822406883265529e-01,0.000000000000000000e+00,8.818947185140414008e-03,2.502601702849893001e-02,1.518727950980341135e-01
8.763111761912090181e-01,0.000000000000000000e+00,9.274685447209312511e-03,2.708232435255682191e-02,8.733181400902499669e-02
7.246803937094848935e-01,1.106529774764859475e-01,0.000000000000000000e+00,2.173899159182060212e-02,1.429276372222084146e-01
9.093759305880673161e-01,5.732851058055012800e-02,5.169204345917821457e-03,2.812635448546468506e-02,0.000000000000000000e+00
8.687321204720697132e-01,6.575202231322052615e-02,3.808491914690870141e-03,2.707860279013641486e-02,3.462876250988243532e-02
7.479985151822209355e-01,8.720120308527287700e-02,0.000000000000000000e+00,2.272961546047355674e-02,1.420706662720326308e-01
7.191193842627109367e-01,1.391023067752879816e-01,0.000000000000000000e+00,2.057939222278971567e-02,1.211989167392114042e-01
9.112840330168920921e-01,5.854661598374728132e-02,0.000000000000000000e+00,2.920547309010268142e-02,9.638779092580232856e-04
8.642010031542599613e-01,0.000000000000000000e+00,6.113275084350256426e-03,2.694276224376191201e-02,1.027429595176277827e-01
7.816480952440107988e-01,6.353487479292521667e-02,4.481760994793861433e-03,2.353774933552409826e-02,1.267975196327458531e-01
7.632964507679954602e-01,1.740602959153900731e-01,0.000000000000000000e+00,2.137246566947103785e-02,4.127078764714346010e-02
9.323291403321248838e-01,1.107115986227659790e-02,8.053275955076114045e-03,2.863467971941947160e-02,1.991174413110284244e-02
7.927586979425905733e-01,4.914540600702389100e-02,7.219496733707882370e-03,2.326187202808158855e-02,1.276145272885961246e-01
8.556442817321676664e-01,8.666211356941440347e-02,0.000000000000000000e+00,2.745458800201904664e-02,3.023901669639875514e-02
8.970788606026498524e-01,0.000000000000000000e+00,9.623944095469015234e-03,2.790849586274343069e-02,6.538869943913774851e-02
8.158681697338676653e-01,5.871786684908124332e-02,3.005675102797550173e-03,2.425390753422469736e-02,9.815438078002891586e-02
8.400029907760697689e-01,2.039289847522776297e-02,4.227343254576937381e-03,2.738788473216790045e-02,1.079888827619575609e-01
8.258844279971467861e-01,1.492090181676420102e-01,0.000000000000000000e+00,2.490655383521104063e-02,0.000000000000000000e+00
8.187694231712828730e-01,9.209264802997617350e-02,0.000000000000000000e+00,2.443807483707903169e-02,6.469985396166176572e-02
8.323730534733341235e-01,7.361706256596770026e-02,0.000000000000000000e+00,2.462111802079810022e-02,6.938876593989999619e-02
8.639739453415270498e-01,0.000000000000000000e+00,5.053789681252554740e-03,2.811172499222591020e-02,1.028605399849944618e-01
7.991620584851634179e-01,0.000000000000000000e+00,8.852126357630879863e-03,2.453822156764520410e-02,1.674475935895603784e-01
8.085015565726290099e-01,0.000000000000000000e+00,3.913004619627407851e-03,2.522002521672149500e-02,1.623654135910221896e-01
7.883742642736136785e-01,0.000000000000000000e+00,8.209959627416303987e-03,2.293615402675478268e-02,1.804796220722152678e-01
8.771984198499233054e-01,9.588547742547706698e-02,0.000000000000000000e+00,2.691610272459956515e-02,0.000000000000000000e+00
8.774022922969909599e-01,9.412822691970031130e-02,1.961859674893018466e-03,2.650762110841576799e-02,0.000000000000000000e+00
9.626208993702667360e-01,0.000000000000000000e+00,7.387112182597070642e-03,2.999198844713613435e-02,0.000000000000000000e+00
8.507155513768662747e-01,1.219152238367658680e-01,3.878317838573172756e-03,2.349090694779466110e-02,0.000000000000000000e+00
8.510376843852051065e-01,1.059893165654327007e-01,1.427994633420008423e-03,2.567801343514717477e-02,1.586699098079494621e-02
8.055789076412896987e-01,8.190782553257437704e-02,0.000000000000000000e+00,2.480209075039820077e-02,8.771117607573791775e-02
9.115737635932911198e-01,0.000000000000000000e+00,7.173777941350760468e-03,2.830593084020500277e-02,5.294652762515306144e-02
8.072279711494516619e-01,1.054336125273598740e-01,0.000000000000000000e+00,2.491515909415103341e-02,6.242325722903739604e-02
7.496356668189979588e-01,1.120771993973660730e-01,0.000000000000000000e+00,2.301345602541648994e-02,1.152736777582195060e-01
8.805596273408650143e-01,0.000000000000000000e+00,1.016992954959403637e-02,2.829419805914683284e-02,8.097624505039408005e-02
8.393585045144403844e-01,0.000000000000000000e+00,1.250402576116233476e-02,2.546092071063421267e-02,1.226765490137631809e-01
9.650183277108014268e-01,0.000000000000000000e+00,2.264616948735250195e-03,3.271705534046327052e-02,0.000000000000000000e+00
8.711605295769444535e-01,1.533586441672270956e-02,5.767076858498763718e-03,2.762072351185150196e-02,8.011580563598255655e-02
7.329744963483666442e-01,1.796877231356350246e-01,0.000000000000000000e+00,2.024093027685192059e-02,6.709685023914638280e-02
8.038751959387683277e-01,0.000000000000000000e+00,5.394522918402299208e-03,2.555455298681865925e-02,1.651757281560108093e-01
9.601739186124250702e-01,0.000000000000000000e+00,9.636162038635050220e-03,3.018991934893998016e-02,0.000000000000000000e+00
8.948523270724677570e-01,1.298110619729539623e-02,7.018807882209325728e-03,2.700389111586062180e-02,5.814386773216698862e-02
8.513374600159840933e-01,7.399868704130656283e-02,2.546999890981828558e-03,2.546513342101522012e-02,4.665171963071244182e-02
8.130901276519155729e-01,1.267579008114294026e-01,7.695872567605711000e-04,2.486480812029227827e-02,3.451757615960228398e-02
6.775944151034969387e-01,1.771898827518629538e-01,0.000000000000000000e+00,2.047139013655750392e-02,1.247443120080825169e-01
8.423245829075777236e-01,2.969525307795591040e-02,5.898458328790818009e-03,2.517088780948308069e-02,9.691081787619254539e-02
6.761552144273218490e-01,6.466258780944859896e-02,0.000000000000000000e+00,2.163684565648824401e-02,2.375453521067412699e-01
8.644475994594262858e-01,2.136076277959667730e-02,8.608264382502697071e-03,2.640943058308592092e-02,7.917394279538836344e-02
9.186254769619441873e-01,4.749104543705017639e-02,5.676892969003226840e-03,2.820658463200236693e-02,0.000000000000000000e+00
7.838144513270733915e-01,0.000000000000000000e+00,6.168819196536099760e-03,2.500850707656026434e-02,1.850082223998303077e-01
7.394900005427028633e-01,1.716041519665757742e-01,0.000000000000000000e+00,2.154208769465506407e-02,6.736375979606624986e-02
8.068169991076823422e-01,1.691411554735822720e-01,5.845521237433109639e-04,2.345729329499235058e-02,0.000000000000000000e+00
8.141695503956072333e-01,1.147927927350994998e-01,0.000000000000000000e+00,2.475452649527770665e-02,4.628313037401566438e-02
8.222533986520275118e-01,4.142413223610737737e-03,9.124245335820598338e-03,2.465031896923711163e-02,1.398296238193040830e-01
7.599783611190843446e-01,1.286195136792006311e-01,0.000000000000000000e+00,2.223601992988518544e-02,8.916610527182970702e-02
9.377410724678313381e-01,0.000000000000000000e+00,9.907574704415514355e-03,2.989520872336037111e-02,2.245614410439274178e-02
7.149582975293087284e-01,5.145954305163470688e-02,0.000000000000000000e+00,2.299254564444515661e-02,2.105896137746113839e-01
9.109666825675961643e-01,0.000000000000000000e+00,5.305038243212334588e-03,2.945835345246022516e-02,5.426992573673135312e-02
8.773135586986119394e-01,2.807104500781855763e-02,5.512745296388826995e-03,2.883293885900646558e-02,6.026971213817423900e-02
8.846878313091244284e-01,8.729551561906551127e-02,2.318658680312480746e-03,2.569799439149762429e-02,0.000000000000000000e+00
8.045583173005388389e-01,0.000000000000000000e+00,7.544692054301808254e-03,2.384600840689685489e-02,1.640509822382625049e-01
8.040418613435991180e-01,0.000000000000000000e+00,6.015072015082873966e-03,2.531087396027270620e-02,1.646321926810452307e-01
7.529750027583853589e-01,2.060664738673725349e-01,0.000000000000000000e+00,2.063443127975219532e-02,2.032409209449002538e-02
8.469193371423635597e-01,1.293274233092739367e-01,8.173825846957222469e-05,2.367150128989310362e-02,0.000000000000000000e+00
7.947313970275223793e-01,7.308859390166472236e-02,2.484313979265011674e-03,2.363896849758919880e-02,1.060567265939587334e-01
7.682519913630218023e-01,5.722699123726013304e-04,7.051445369177850551e-03,2.348158936731821814e-02,2.006427039881095165e-01
9.366543929621444775e-01,6.721372734513948559e-03,4.811465009362225417e-03,2.962364971506325009e-02,2.218911957891605766e-02
7.340146296220204647e-01,1.450337671125676298e-01,0.000000000000000000e+00,2.076447798319041096e-02,1.001871252822213731e-01
8.141435498081589506e-01,1.148698825104979004e-01,0.000000000000000000e+00,2.608374603195729238e-02,4.490282164938580456e-02
7.705638141434745236e-01,4.180803575477065929e-04,6.549227368036462764e-03,2.393011743397058938e-02,1.985387606969708507e-01
8.463153473375547575e-01,0.000000000000000000e+00,7.297542397196889706e-03,2.587723965650156471e-02,1.205098706087468358e-01
8.721237880214239846e-01,0.000000000000000000e+00,9.448996713615999063e-03,2.558727607544039953e-02,9.283993918951972957e-02
8.250610893513932176e-01,1.160918038510034556e-01,0.000000000000000000e+00,2.377155942796203847e-02,3.507554736964119818e-02
8.237149824132790066e-01,1.184471620458609348e-01,0.000000000000000000e+00,2.464436804677655468e-02,3.319348749408351784e-02
7.744673288714966075e-01,8.970073507472421659e-02,2.346265684971688033e-03,2.342901388985858466e-02,1.100566564789488971e-01
7.392116930298885391e-01,8.899045556831805537e-02,3.769070533044487255e-03,2.320307208394567153e-02,1.448257087848031921e-01
8.289831462182765121e-01,7.308310388282326930e-02,0.000000000000000000e+00,2.587362348644865404e-02,7.206012641245171380e-02
8.245403036215055437e-01,1.085068383260913288e-01,0.000000000000000000e+00,2.570571288860780748e-02,4.124714516379534429e-02
8.842275199509040950e-01,0.000000000000000000e+00,7.082813545545194392e-03,2.741128124038760133e-02,8.127838526316305545e-02
9.477979412764977463e-01,0.000000000000000000e+00,1.076263781357620665e-02,2.896125952757215918e-02,1.247816138235395035e-02
9.472736664295611231e-01,1.812175934291073223e-02,3.088505853760435248e-03,3.151606837376764308e-02,0.000000000000000000e+00
8.715907190203777688e-01,1.003472059595963972e-01,9.608325739525500975e-04,2.710124244607304070e-02,0.000000000000000000e+00
8.072409489509551062e-01,1.691820324605964598e-01,0.000000000000000000e+00,2.307453367288238300e-02,5.024849155661026238e-04
9.217460947043025765e-01,0.000000000000000000e+00,3.666030731634853639e-03,2.985552155383963333e-02,4.473235301022289445e-02
9.629719353521515313e-01,0.000000000000000000e+00,6.779510201634752174e-03,3.024855444621384754e-02,0.000000000000000000e+00
8.385632169246288736e-01,0.000000000000000000e+00,4.474809889427433345e-03,2.721380850028375792e-02,1.297481646856598059e-01
7.868845396177825968e-01,1.442047425182787224e-01,0.000000000000000000e+00,2.410518190983097081e-02,4.480553595410771001e-02
8.285548808316505198e-01,1.847354949871709423e-02,6.053045177413822302e-03,2.553254029180115903e-02,1.213859842004173656e-01
8.078262546523744536e-01,9.652334556234441754e-02,0.000000000000000000e+00,2.440383538572474947e-02,7.124656439955640019e-02
8.979365638266076921e-01,0.000000000000000000e+00,5.960436954203269730e-03,2.948850215534319641e-02,6.661449706384575675e-02
8.554261721440721278e-01,1.205649079576899679e-01,0.000000000000000000e+00,2.400891989823776551e-02,0.000000000000000000e+00
7.972395712417714719e-01,4.407241588761718482e-02,7.055319171043141456e-03,2.342416449761636904e-02,1.282085292019516376e-01
7.826212312581318775e-01,1.290847431594614181e-01,0.000000000000000000e+00,2.362795500095487417e-02,6.466607058145193432e-02
8.486869879027791885e-01,0.000000000000000000e+00,7.038051177124027280e-03,2.568453107306000252e-02,1.185904298470368406e-01
8.550214621705261031e-01,7.400485600015491161e-02,0.000000000000000000e+00,2.657920123860790795e-02,4.439448059071130631e-02
8.648303674342976421e-01,9.703797313303368088e-02,0.000000000000000000e+00,2.701502156468970142e-02,1.111663786797908136e-02
9.163384507617905461e-01,4.927154323985247220e-02,5.087662012102385674e-03,2.930234398625460729e-02,0.000000000000000000e+00
7.547293199620138671e-01,1.255161888867512288e-01,0.000000000000000000e+00,2.318765576474022747e-02,9.656683538649464549e-02
8.204986616154419377e-01,8.824634050635894733e-02,0.000000000000000000e+00,2.508624259553520267e-02,6.616875528266387418e-02
7.821235594557137683e-01,7.175788516634717951e-02,0.000000000000000000e+00,2.469371228847374797e-02,1.214248430894654951e-01
8.014046828405515521e-01,1.326321994905657053e-01,0.000000000000000000e+00,2.243480362922935928e-02,4.352831403965329304e-02
9.349756500031660700e-01,3.132888895174716637e-02,5.093794931197929109e-03,2.860166611388882674e-02,0.000000000000000000e+00
8.565520927484391311e-01,0.000000000000000000e+00,8.403539301064213290e-03,2.598155856774676808e-02,1.090628093827498979e-01
8.181348731284532327e-01,1.179295941519836466e-01,0.000000000000000000e+00,2.530562597631726141e-02,3.862990674324581070e-02
9.125006239654827045e-01,1.588414745819492768e-03,7.086542716182958786e-03,2.820410565844710601e-02,5.062031291406768330e-02
9.618423561275141198e-01,0.000000000000000000e+00,6.601911989177354848e-03,3.155573188330849238e-02,0.000000000000000000e+00
8.436034126102652797e-01,0.000000000000000000e+00,8.272721352658000266e-03,2.450759227591860559e-02,1.236162737611580381e-01
7.649445370207980099e-01,0.000000000000000000e+00,6.246270728459073392e-03,2.297178426170480223e-02,2.058374079890380737e-01
7.778504220407070902e-01,1.384306873362342316e-01,0.000000000000000000e+00,2.386269883284925647e-02,5.985619179020947728e-02
9.650166477453031577e-01,0.000000000000000000e+00,5.590066341967491088e-03,2.939328591272939023e-02,0.000000000000000000e+00
8.402236750380833730e-01,6.231788590406646400e-02,6.373941358432329979e-03,2.550664523293088085e-02,6.557785246648697997e-02
9.222620895443737199e-01,4.036234905356955033e-02,2.297247117028541463e-03,3.011057188756775457e-02,4.967742397460356979e-03
8.939471167293361331e-01,0.000000000000000000e+00,5.662214242877951741e-03,2.829778375751631006e-02,7.209288527026970483e-02
7.373312152913216178e-01,1.464099073558087494e-01,0.000000000000000000e+00,2.214421444261919017e-02,9.411466291025047393e-02
8.017915395760838448e-01,4.233809843936613831e-02,3.263576779410417520e-03,2.492351578285651598e-02,1.276832694222829745e-01
8.344923233316241529e-01,1.410272330908015903e-01,2.490922486713809786e-04,2.423135132890278862e-02,0.000000000000000000e+00
8.938074606699453195e-01,0.000000000000000000e+00,8.149204534562394520e-03,2.776402811091125550e-02,7.027930668458114150e-02
9.231259237633764325e-01,0.000000000000000000e+00,6.177569365479643020e-03,2.797374961985461123e-02,4.272275725128935747e-02
8.123337053003744090e-01,0.000000000000000000e+00,7.793480560569832072e-03,2.316909438501729354e-02,1.567037197540384896e-01
9.064767537743526615e-01,0.000000000000000000e+00,4.365745121596773318e-03,2.934279573539795918e-02,5.981470536865252097e-02
8.632735902425149321e-01,0.000000000000000000e+00,4.685007042362485628e-03,2.793519704417161617e-02,1.041062056709510242e-01
9.355315145457172576e-01,0.000000000000000000e+00,5.291966313678815072e-03,2.963842751894023991e-02,2.953809162166360844e-02
8.380320988956682093e-01,0.000000000000000000e+00,3.245478950682335797e-03,2.822286561596714163e-02,1.304995565376822764e-01
7.829041546755290959e-01,1.556381602779158824e-01,0.000000000000000000e+00,2.319291403236174720e-02,3.826477101419321208e-02
7.930063780061854528e-01,0.000000000000000000e+00,6.003857787196848969e-03,2.443058450774014678e-02,1.765591796988775775e-01
8.782583393583637266e-01,0.000000000000000000e+00,5.670883357101500974e-03,2.667994677581000951e-02,8.939083050872469183e-02
7.797033035843152771e-01,1.518612165537237269e-01,0.000000000000000000e+00,2.255857615339742356e-02,4.587690370856373212e-02
7.701904454761331342e-01,1.566220076473670841e-01,0.000000000000000000e+00,2.223381586117855260e-02,5.095373101532128107e-02
8.240368692216833990e-01,1.485439937399614385e-01,0.000000000000000000e+00,2.422033757001797530e-02,3.198799468336922195e-03
8.684041725506874698e-01,0.000000000000000000e+00,9.357162814692716532e-03,2.632816928643080812e-02,9.591049534818901767e-02
8.034896595750619097e-01,3.973297478471671945e-02,4.560256081499560951e-03,2.483967434358803211e-02,1.273774352151338107e-01
8.748882284978033441e-01,2.884333267000920367e-02,3.242851836540104702e-03,2.673064767919525880e-02,6.629493931645215332e-02
8.177501938428241024e-01,1.471308519853690711e-01,0.000000000000000000e+00,2.524804254972312645e-02,9.870911622083887449e-03
7.474202108585235038e-01,8.017094155743414996e-02,4.066169830669823411e-03,2.231248296417769755e-02,1.460301947891947949e-01
9.612744480132137115e-01,0.000000000000000000e+00,8.396693808603679018e-03,3.032885817818252450e-02,0.000000000000000000e+00
8.447502371952951838e-01,0.000000000000000000e+00,3.424377520206921093e-03,2.805824601032117296e-02,1.237671392741767212e-01
7.290616962328559936e-01,7.323687523931372845e-02,3.212181052910182463e-03,2.198964222562722198e-02,1.724996052492929755e-01
9.160317298050484336e-01,5.112460095708789426e-02,5.264081309923956606e-03,2.757958792793973463e-02,0.000000000000000000e+00
7.965895945193882666e-01,2.133864066293465148e-03,8.210774225702771253e-03,2.342534847959761024e-02,1.696404187090179705e-01
7.206196129162197872e-01,1.769671971812622202e-01,1.237787274055719266e-03,2.288487167003726286e-02,7.829053095842500309e-02
8.876812480066280653e-01,8.381999789536125067e-02,2.914879821551340840e-03,2.558387427645927165e-02,0.000000000000000000e+00
8.207475485184816399e-01,1.118275404639222648e-01,0.000000000000000000e+00,2.532209031702472440e-02,4.210282070057122517e-02
7.912702474707811184e-01,3.217278078375684913e-02,2.567933312347784030e-03,2.541660339571136240e-02,1.485724350374030278e-01
7.962316249996675976e-01,0.000000000000000000e+00,4.734202875060856096e-03,2.588320682876333462e-02,1.731509652965083079e-01
8.492456025781336404e-01,8.297606044606234410e-03,6.551016994631369238e-03,2.704981134788602207e-02,1.088559630347427643e-01
7.980839376927192363e-01,9.616034686047478242e-02,0.000000000000000000e+00,2.453596193607858467e-02,8.121975351072742433e-02
8.621081069526285168e-01,1.093090040522128326e-01,2.799616870084125405e-03,2.578327212507460636e-02,0.000000000000000000e+00
8.850873841570678913e-01,3.826318932634647368e-02,9.627932934807503177e-04,3.011250630975379622e-02,4.557412691335120669e-02
9.291053169968797043e-01,4.058047263584206588e-02,1.605200981921393356e-03,2.870900938535662569e-02,0.000000000000000000e+00
8.589939471751300015e-01,9.419028426390410255e-03,7.996636650058359247e-03,2.694669568803058010e-02,9.664369206039059856e-02
8.649106410028282177e-01,9.676033341170280078e-02,5.764259958834314773e-03,2.653050314661770451e-02,6.034262480016818267e-03
7.364878498827803766e-01,1.066681744606758214e-01,0.000000000000000000e+00,2.118253555049662284e-02,1.356614401060473041e-01
8.436207228036034511e-01,9.803173078536593643e-02,1.435976391742748099e-03,2.676916869703907520e-02,3.014240132224890734e-02
8.849462916391540590e-01,1.544617014916207023e-03,5.933309565797624356e-03,2.781156635732404819e-02,7.976421542280816290e-02
9.388988009276577618e-01,2.457674951611882666e-02,6.234225945856096927e-03,3.029022361036715766e-02,0.000000000000000000e+00
9.306922364229641698e-01,0.000000000000000000e+00,3.585458814112355355e-03,3.061693815473088762e-02,3.510536660819261329e-02
7.537115972436480016e-01,6.288565658511696688e-02,4.489483128556427498e-03,2.216672997896475608e-02,1.567465330637138887e-01
7.915047867068483178e-01,2.240162806995532260e-02,0.000000000000000000e+00,2.519747392201016414e-02,1.608961113011860844e-01
7.994470652344775052e-01,0.000000000000000000e+00,6.428896282524631210e-03,2.446614239008978661e-02,1.696578960929080726e-01
8.456236570867996516e-01,6.038942078540621150e-02,0.000000000000000000e+00,2.754365308608345761e-02,6.644326904171073134e-02
8.504086446097269825e-01,2.117207856438041783e-02,9.359876381454485667e-03,2.531935464031992086e-02,9.374004580411805787e-02
7.837451756396169866e-01,7.623150854277890853e-02,0.000000000000000000e+00,2.494598351147122792e-02,1.150773323061327486e-01
8.149610432210633304e-01,5.738183112726463059e-02,5.387086299050656765e-03,2.247482162046765888e-02,9.979521773215373204e-02
8.712905700255182406e-01,0.000000000000000000e+00,8.197918995320905775e-03,2.649140755459422972e-02,9.402010342456659786e-02
8.878206304859120879e-01,8.445574107039079126e-02,0.000000000000000000e+00,2.772362844369692311e-02,0.000000000000000000e+00
6.998565328535041319e-01,1.192015357628136429e-01,2.747805928912189439e-04,1.979938629064348712e-02,1.608677645001474754e-01
7.954675833163631360e-01,1.068912077527506277e-01,0.000000000000000000e+00,2.461680691788220576e-02,7.302440201300394729e-02
7.418614741654995237e-01,1.284461641986497094e-01,0.000000000000000000e+00,2.198162189955198825e-02,1.077107397362987162e-01
7.598132174491512014e-01,0.000000000000000000e+00,1.011079784581952329e-02,2.290095573036969936e-02,2.071750289746596141e-01
7.745205325424101561e-01,1.199488324600260641e-01,6.226863599433634256e-04,2.380927070617860561e-02,8.109867793144159842e-02
8.008039117383657368e-01,1.675542029053025406e-01,0.000000000000000000e+00,2.381709315411021863e-02,7.824792202221477963e-03
7.461458885009485398e-01,8.850365297824679123e-02,2.424663391379903825e-03,2.239515231348422272e-02,1.405306428159406873e-01
7.776335705099877149e-01,1.206359961487429300e-01,1.856449360636170482e-03,2.296309609715909902e-02,7.691088788347398564e-02
8.189072633662423106e-01,0.000000000000000000e+00,5.469065630754356248e-03,2.467961760825220993e-02,1.509440533947511986e-01
7.915575791048946597e-01,1.197049021865684570e-01,2.282983936800743897e-03,2.381818984448953389e-02,6.263634492724663716e-02
7.106523285945820501e-01,1.328526715311861284e-01,0.000000000000000000e+00,2.144544635088227805e-02,1.350495535233495470e-01
7.890795289497889442e-01,1.171619937176762161e-01,0.000000000000000000e+00,2.365270692300372804e-02,7.010577040953111516e-02
8.220197786978155063e-01,1.372540003640107253e-01,0.000000000000000000e+00,2.579310408702634172e-02,1.493311685114757405e-02
9.405520088978385207e-01,1.229596307595890413e-02,7.856333330173196142e-03,3.038743579326858013e-02,8.908258902760899517e-03
8.713863346634717066e-01,0.000000000000000000e+00,6.455713658220318604e-03,2.833475372693317410e-02,9.382319795137479546e-02
8.454502695490800912e-01,0.000000000000000000e+00,7.057322294301873224e-03,2.552901836385407588e-02,1.219633897927640265e-01
7.193866087177549495e-01,7.158741847637631328e-02,5.508916009892787964e-03,2.162624400880275299e-02,1.818908127871732838e-01
8.239182305251441241e-01,4.611859317491678184e-02,5.845571156643982434e-03,2.499472510950289522e-02,9.912288003379224333e-02
8.100150050891966602e-01,3.302940508306825146e-02,7.862037099714754354e-03,2.445680642412357067e-02,1.246367463038968587e-01
8.840471232131550394e-01,0.000000000000000000e+00,1.175182897367859323e-02,2.644446385751868245e-02,7.775658395564777337e-02
8.699254678728384205e-01,0.000000000000000000e+00,4.021999362387227057e-03,2.700939837217886455e-02,9.904313439259537777e-02
8.748884159491482349e-01,0.000000000000000000e+00,8.187969261498137183e-03,2.764941952355799704e-02,8.927419526579551123e-02
7.921122926961301491e-01,0.000000000000000000e+00,7.825858590473997595e-03,2.495344001342873763e-02,1.751084086999671885e-01
7.953045899582502631e-01,1.557886392004039777e-01,0.000000000000000000e+00,2.265982647622177132e-02,2.624694436512395659e-02
8.566380826391774006e-01,7.766193361987354382e-02,0.000000000000000000e+00,2.677104275619416468e-02,3.892894098475507825e-02
7.884560565600464699e-01,9.760786848675817584e-02,2.595517624857785616e-03,2.268590243957356936e-02,8.865465488876413114e-02
7.729135270032380101e-01,1.116505912187147898e-01,0.000000000000000000e+00,2.332776243487980419e-02,9.210811934316723293e-02
7.568746581316260214e-01,0.000000000000000000e+00,4.285207444377763832e-03,2.327368264176250118e-02,2.155664517822338810e-01
8.034403188518586258e-01,8.700159063807408333e-02,2.057858339788492565e-03,2.391476772604179263e-02,8.358546444423707589e-02
9.217216000503178908e-01,0.000000000000000000e+00,5.099577647343760296e-03,2.881908605592896355e-02,4.435973624640943830e-02
8.326502598218522566e-01,9.080399872037578368e-02,0.000000000000000000e+00,2.504030234074059239e-02,5.150543911703146793e-02
7.868132015696720494e-01,1.407749667349436351e-01,0.000000000000000000e+00,2.385033309548180783e-02,4.856149859990256668e-02
9.632517913569326184e-01,0.000000000000000000e+00,6.619461139440011715e-03,3.012874750362738371e-02,0.000000000000000000e+00
8.990807533107427751e-01,6.967625955477235733e-02,3.119706045563361545e-03,2.812328108892139106e-02,0.000000000000000000e+00
8.856019580788352386e-01,8.619990434389324108e-02,2.054137631214043424e-03,2.614399994605739325e-02,0.000000000000000000e+00
8.289098372377022850e-01,0.000000000000000000e+00,8.190077373222828111e-03,2.533073408695443729e-02,1.375693513021205017e-01
7.625885723545865469e-01,4.872327097381425054e-02,7.963714825592214594e-03,2.196630568974927353e-02,1.587581361562576399e-01
9.231305959639817260e-01,0.000000000000000000e+00,1.005894069751141554e-02,2.867153990575681613e-02,3.813892343274999375e-02
8.236660684853286396e-01,0.000000000000000000e+00,7.877588137239887461e-03,2.475734109868947194e-02,1.436990022787419385e-01
8.518353722434180986e-01,1.199459189587073343e-01,0.000000000000000000e+00,2.584930634570197991e-02,2.369402452172859538e-03
7.344402706001863512e-01,8.987310820895680341e-02,0.000000000000000000e+00,2.259836936708386340e-02,1.530882518237730028e-01
8.246876988309888024e-01,1.175405808213715875e-01,0.000000000000000000e+00,2.478080521817751722e-02,3.299091512946213806e-02
7.955556511992726287e-01,0.000000000000000000e+00,4.488724179391166344e-03,2.471670262690839684e-02,1.752389219944278098e-01
9.259058053643293151e-01,3.789695917857921481e-02,7.416288305309841691e-03,2.878094715178160581e-02,0.000000000000000000e+00
7.723909781823372622e-01,1.102736121230065147e-01,4.628819531533314921e-03,2.261321091217258911e-02,9.009337925095012301e-02
8.618255891316970452e-01,6.545864831233150216e-02,3.224092716017822741e-03,2.669299202542280147e-02,4.279867781453092906e-02
8.319049350614423632e-01,3.964169898036461193e-02,1.899526794430852605e-03,2.674016675269807325e-02,9.981367241106418875e-02
9.247858403534350291e-01,0.000000000000000000e+00,5.333422825715471681e-03,2.878242884522426437e-02,4.109830797562516458e-02
7.957379556630471695e-01,8.455989931809214377e-02,0.000000000000000000e+00,2.436507783676180108e-02,9.533706718209870867e-02
9.636517382850418034e-01,0.000000000000000000e+00,6.608207717163709118e-03,2.974005399779451608e-02,0.000000000000000000e+00
8.508059230464455336e-01,5.880522556624873109e-02,9.524090365506018493e-03,2.648834857620187971e-02,5.437641244559801579e-02
8.978475678352346723e-01,0.000000000000000000e+00,7.340880059788494616e-03,2.738104616342182732e-02,6.743050594155498845e-02
8.998265483553501420e-01,6.877217741553572072e-02,3.114767227037614460e-03,2.828650700207653232e-02,0.000000000000000000e+00
8.417447081806850306e-01,7.858115646862660897e-02,4.772973980329547374e-03,2.572563839216528148e-02,4.917552297819366425e-02
9.639283630027195571e-01,0.000000000000000000e+00,5.297186540220302255e-03,3.077445045706019358e-02,0.000000000000000000e+00
8.299712427263989944e-01,2.375816966635099781e-02,2.754385790712858290e-03,2.625159431180680916e-02,1.172646075047302505e-01
9.045095339977858862e-01,0.000000000000000000e+00,1.029926166141926190e-02,2.779138170490791718e-02,5.739982263588681854e-02
8.467781040298151263e-01,0.000000000000000000e+00,7.167905457619883416e-03,2.704535685495218500e-02,1.190086336576128140e-01
8.940544601219568843e-01,9.329967445611636557e-04,7.244057029973150624e-03,2.811959293598292192e-02,6.964889316752605197e-02
8.074467811079464319e-01,6.828574834428041695e-02,4.542026027123367035e-04,2.543210501609088556e-02,9.838116292896982584e-02
7.615221195060146719e-01,7.438672129740998840e-02,3.979020802328742286e-03,2.193020322249171830e-02,1.381819351717548383e-01
8.558117159022361475e-01,0.000000000000000000e+00,7.960855108492159021e-03,2.608266952026310620e-02,1.101447594690085491e-01
7.408531581698375446e-01,1.174648124635938179e-01,1.843681169033516577e-03,2.196873948169665927e-02,1.178696087158385836e-01
8.508843016981484375e-01,1.952926165061217093e-02,5.714988906039438626e-03,2.577255354758394013e-02,9.809889419761602669e-02
8.649224606855772102e-01,2.739467810879735524e-02,1.268143929914663072e-03,2.789866738176114899e-02,7.851604989394973810e-02
8.245646933451712401e-01,1.342662468588377289e-01,0.000000000000000000e+00,2.605833845574369312e-02,1.511072134024746098e-02
6.421207314952865897e-01,1.160300193631636639e-01,0.000000000000000000e+00,1.961298546597223247e-02,2.222362636755775278e-01
7.677325520532199965e-01,0.000000000000000000e+00,3.218774163005251859e-03,2.532338601839967049e-02,2.037252877653751015e-01
8.649976227498854531e-01,3.732025229886110074e-02,8.609033157748418805e-03,2.672453025385071110e-02,6.234856153965428333e-02
8.277053880880043124e-01,1.451216844681509910e-01,1.955206200350506282e-03,2.521772124349436900e-02,0.000000000000000000e+00
8.398218149431291302e-01,1.352313840929201261e-01,0.000000000000000000e+00,2.494680096395087560e-02,0.000000000000000000e+00
8.090647225334136605e-01,1.163831752739449416e-01,0.000000000000000000e+00,2.396555017154608849e-02,5.058655202109516719e-02
7.758397302060163758e-01,4.099597683001411641e-02,5.872493043777503655e-03,2.466916181126040108e-02,1.526226381089317297e-01
7.998889775274065084e-01,0.000000000000000000e+00,9.777873555067762013e-03,2.472268406699518889e-02,1.656104648505305199e-01
9.013898368808396233e-01,6.932893030255272981e-02,1.525638990158009788e-03,2.775559382644945255e-02,0.000000000000000000e+00
9.592290992380210213e-01,0.000000000000000000e+00,1.091892266741058097e-02,2.985197809456835438e-02,0.000000000000000000e+00
8.464926239777420536e-01,0.000000000000000000e+00,1.097282988740533316e-02,2.439325088493896759e-02,1.181412952499137775e-01
9.310764179001130847e-01,3.624117230881037516e-02,3.681491264529827574e-03,2.900091852654666444e-02,0.000000000000000000e+00
7.829996944888151233e-01,1.305875160650576405e-01,0.000000000000000000e+00,2.324214100402450384e-02,6.317064844210285024e-02
7.389912650537189265e-01,1.041222337657726343e-01,0.000000000000000000e+00,2.164426252498610412e-02,1.352422386555224287e-01
7.084389338113684653e-01,8.700063191734570822e-02,2.043551686815480361e-04,2.241776219379493576e-02,1.819383169088093499e-01
7.936309979021484162e-01,0.000000000000000000e+00,7.223903178224860486e-03,2.538982399367891232e-02,1.737552749259478890e-01
8.153688460565348128e-01,0.000000000000000000e+00,6.441181303534046672e-03,2.506805795649389226e-02,1.531219146834371936e-01
8.146196841179212944e-01,5.467068816429144183e-03,6.436431589974231197e-03,2.511514935228404549e-02,1.483616661233912448e-01
7.851049371309346547e-01,1.720309900608568004e-02,6.117952255749601470e-03,2.258509859940082548e-02,1.689889130078292556e-01
7.361623532238508183e-01,1.257920389889179147e-01,0.000000000000000000e+00,2.138389662330593757e-02,1.166617111639252080e-01
7.761670269324013605e-01,1.591701456127762315e-01,0.000000000000000000e+00,2.224964620386286202e-02,4.241318125095946967e-02
7.345182970152803748e-01,1.329837709109809307e-01,0.000000000000000000e+00,2.088877013681421368e-02,1.116091619369246057e-01
7.393106630831035586e-01,1.117409233215633652e-01,3.537898648070686783e-03,2.049964746036611260e-02,1.249108674868962265e-01
7.525768946813027327e-01,1.100189299819381572e-01,0.000000000000000000e+00,2.217440314651044145e-02,1.152297721902486305e-01
7.759169472750981900e-01,3.920840695953253796e-02,3.011104588177765298e-03,2.447766228286568299e-02,1.573858788943257592e-01
7.845620553605529013e-01,9.654029543043934902e-02,0.000000000000000000e+00,2.456020367700471885e-02,9.433744553200314187e-02
7.650750253172023951e-01,5.987733236285811000e-02,1.772651937870993628e-03,2.385223567549233509e-02,1.494227547065760664e-01
8.594266278929766356e-01,6.299208327632109528e-02,2.344086401749871217e-03,2.576220707148826547e-02,4.947499535746419097e-02
9.129084720371873907e-01,0.000000000000000000e+00,6.461009237805477763e-03,2.900880698847836323e-02,5.162171173652860962e-02
7.107690293148460903e-01,0.000000000000000000e+00,8.265453097029584750e-03,2.287862792846636836e-02,2.580868896596578699e-01
8.202188136516794792e-01,0.000000000000000000e+00,3.837827255137534182e-03,2.521350493286797154e-02,1.507298541603151187e-01
7.942366480084261937e-01,1.317145371000880971e-01,0.000000000000000000e+00,2.274281843487396815e-02,5.130599645661172714e-02
9.217293468854264038e-01,0.000000000000000000e+00,9.933655060749977533e-03,2.853279321358741585e-02,3.980420484023622363e-02
8.894733395528336972e-01,0.000000000000000000e+00,1.019325270605535294e-02,2.657915815477923313e-02,7.375424958633165773e-02
7.647268926913496356e-01,0.000000000000000000e+00,8.578084188331110832e-03,2.384548625207915523e-02,2.028495368682402267e-01
8.101234120977400810e-01,2.209858590932422054e-02,4.822248666538457573e-03,2.494571225776649401e-02,1.380100410686307122e-01
8.337962009599692026e-01,6.760812129099026679e-02,0.000000000000000000e+00,2.569618701479194425e-02,7.289949073424858983e-02
8.103855899107108574e-01,1.087429582151757529e-01,0.000000000000000000e+00,2.428136288916430546e-02,5.659008898494913981e-02
8.506698060527424499e-01,8.464016233753918206e-02,0.000000000000000000e+00,2.668296180203143936e-02,3.800706980768674137e-02
8.334191499811828274e-01,5.523797697994565353e-02,6.718751741560230126e-03,2.387667082878840163e-02,8.074745046852292718e-02
8.641897396413749100e-01,0.000000000000000000e+00,9.874746154969395173e-03,2.537860403625323558e-02,1.005569101674023691e-01
8.859560468402587485e-01,0.000000000000000000e+00,6.565172265234133463e-03,2.782180208389964729e-02,7.965697881060751495e-02
8.109561246616350250e-01,1.292200071399221273e-01,0.000000000000000000e+00,2.368495627390443045e-02,3.613891192453824730e-02
7.985747422648186156e-01,7.053757090606915803e-02,1.819975166303717260e-03,2.559428822271471102e-02,1.034734234400937203e-01
7.977964461946764896e-01,0.000000000000000000e+00,7.172852129399593865e-03,2.234240592914018414e-02,1.726882957467837931e-01
6.958861290944904354e-01,1.031179466406786649e-01,0.000000000000000000e+00,2.046989764971152148e-02,1.805260266151193504e-01
7.895117509906092179e-01,0.000000000000000000e+00,8.646922717927198188e-03,2.371599897300541437e-02,1.781253273184581487e-01
7.928073174737715334e-01,6.486956534409071828e-02,3.653207301485435470e-03,2.440921644220382658e-02,1.142606934384484546e-01
7.765222086247625111e-01,1.307662888639646304e-01,0.000000000000000000e+00,2.113860638699960326e-02,7.157289612427317205e-02
8.320097162693615989e-01,1.426600336496568200e-01,0.000000000000000000e+00,2.533025008098146666e-02,0.000000000000000000e+00
9.618806852049616163e-01,0.000000000000000000e+00,6.266458612485543977e-03,3.185285618255277729e-02,0.000000000000000000e+00
8.527598514142291641e-01,1.185499758821249860e-01,2.465539929444844538e-03,2.622463277420102740e-02,0.000000000000000000e+00
8.542771696244364499e-01,0.000000000000000000e+00,9.590140890219145398e-03,2.498855684540416192e-02,1.111441326399403712e-01
