# DNRN, Denitrification, Anammox, Nitrite Oxidation, CaCO3 Dissolution 
9.573048787660510817e-01,0.000000000000000000e+00,1.227234469931198606e-02,3.042277653463697218e-02,0.000000000000000000e+00
9.611793521231243309e-01,0.000000000000000000e+00,9.791025832829869380e-03,2.902962204404569910e-02,0.000000000000000000e+00
9.287940710298159264e-01,2.981790884682319204e-02,1.418521385446100229e-02,2.720280626889979778e-02,0.000000000000000000e+00
8.536498975223950625e-01,1.171549555014328725e-01,3.824077313785033492e-03,2.537106966238715511e-02,0.000000000000000000e+00
9.537884931567439661e-01,0.000000000000000000e+00,1.837155034595885222e-02,2.783995649729709837e-02,0.000000000000000000e+00
9.597721165777559627e-01,0.000000000000000000e+00,1.119873349573498496e-02,2.902914992650907494e-02,0.000000000000000000e+00
9.079420032553185971e-01,5.251943331709542362e-02,1.198875832479854610e-02,2.754980510278736208e-02,0.000000000000000000e+00
8.537146543902585094e-01,1.102387020019254815e-01,1.119751963397916210e-02,2.484912397383695973e-02,0.000000000000000000e+00
9.571470989921044836e-01,0.000000000000000000e+00,1.415916002124561340e-02,2.869374098664992379e-02,0.000000000000000000e+00
9.563225891287223668e-01,0.000000000000000000e+00,1.563817734953752009e-02,2.803923352173995701e-02,0.000000000000000000e+00
9.053712862095369962e-01,0.000000000000000000e+00,1.519889147544460813e-02,2.751036659657606770e-02,5.191945571844245461e-02
9.547977448201835360e-01,0.000000000000000000e+00,1.670947767663998398e-02,2.849277750317656330e-02,0.000000000000000000e+00
9.548807681010034187e-01,0.000000000000000000e+00,1.655436608520532982e-02,2.856486581379144921e-02,0.000000000000000000e+00
9.073497223595770045e-01,4.862133528089388618e-02,1.626201958767579947e-02,2.776692277185331334e-02,0.000000000000000000e+00
9.568674372026045871e-01,0.000000000000000000e+00,1.422901896442913851e-02,2.890354383296620325e-02,0.000000000000000000e+00
8.821377089184592180e-01,8.588792978811929379e-02,4.510228390906963723e-03,2.746413290251446468e-02,0.000000000000000000e+00
9.561515959964335121e-01,0.000000000000000000e+00,1.330509161069416170e-02,3.054331239287225511e-02,0.000000000000000000e+00
9.122508660540094017e-01,4.847745778127001554e-02,1.236519425325667033e-02,2.690648191146384136e-02,0.000000000000000000e+00
9.448678630328853911e-01,1.102727130023577022e-02,1.452304378554976523e-02,2.958182188132912546e-02,0.000000000000000000e+00
9.438177965049694418e-01,0.000000000000000000e+00,1.033422173359994575e-02,2.951090721173237411e-02,1.633707454969838060e-02
9.570832174280128335e-01,0.000000000000000000e+00,1.262829899278056049e-02,3.028848357920666673e-02,0.000000000000000000e+00
9.539736891327665891e-01,0.000000000000000000e+00,1.714981799779963581e-02,2.887649286943380980e-02,0.000000000000000000e+00
9.552723170389263441e-01,0.000000000000000000e+00,1.635138974662444372e-02,2.837629321444923303e-02,0.000000000000000000e+00
9.629932563781742338e-01,0.000000000000000000e+00,5.290857061619808586e-03,3.171588656020597752e-02,0.000000000000000000e+00
9.118945238931381869e-01,5.135237026606948030e-02,1.036934098445689220e-02,2.638376485633561405e-02,0.000000000000000000e+00
9.610170860327903464e-01,0.000000000000000000e+00,9.875391642229711109e-03,2.910752232497985231e-02,0.000000000000000000e+00
9.506795640150070836e-01,0.000000000000000000e+00,2.138606259529635470e-02,2.793437338969666575e-02,0.000000000000000000e+00
9.558646291985499754e-01,0.000000000000000000e+00,1.526546765197205058e-02,2.886990314947794622e-02,0.000000000000000000e+00
8.847207373245250528e-01,0.000000000000000000e+00,1.421582122306895048e-02,2.566706032603503426e-02,7.539638112637093992e-02
9.573267908150407957e-01,0.000000000000000000e+00,1.123051544984255377e-02,3.144269373511660026e-02,0.000000000000000000e+00
9.571710282685718107e-01,0.000000000000000000e+00,1.330464883557694149e-02,2.952432289585125644e-02,0.000000000000000000e+00
9.211304609546782096e-01,3.724965651156259688e-02,1.284578246942453053e-02,2.877410006433469072e-02,0.000000000000000000e+00
9.589243154948129400e-01,0.000000000000000000e+00,1.144531259013235706e-02,2.963037191505444798e-02,0.000000000000000000e+00
9.033290631436938778e-01,0.000000000000000000e+00,1.132925563208701109e-02,2.784858189204098694e-02,5.749309933217806867e-02
9.537662153499069095e-01,0.000000000000000000e+00,1.514727742914179394e-02,3.108650722095119417e-02,0.000000000000000000e+00
9.378338647700433794e-01,2.125087696306795712e-02,1.225943510933428029e-02,2.865582315755448028e-02,0.000000000000000000e+00
9.418967006367969796e-01,0.000000000000000000e+00,2.421107017106551712e-02,2.733673198215066588e-02,6.555497209986656075e-03
9.492632394862469125e-01,0.000000000000000000e+00,2.195676251172105561e-02,2.877999800203203187e-02,0.000000000000000000e+00
9.578782981032685218e-01,0.000000000000000000e+00,1.373581217119477713e-02,2.838588972553690581e-02,0.000000000000000000e+00
9.059924946437439841e-01,9.111458678925621682e-03,1.813055736214204752e-02,2.664387654455877691e-02,4.012161277062950560e-02
9.300878321156261785e-01,3.031506658649234243e-02,1.055132729585905697e-02,2.904577400202266665e-02,0.000000000000000000e+00
9.502660630113639595e-01,0.000000000000000000e+00,2.011952014010340989e-02,2.961441684853258899e-02,0.000000000000000000e+00
9.292054409787706692e-01,3.317160517790968682e-02,8.690895306345187629e-03,2.893205853697453089e-02,0.000000000000000000e+00
9.551077719200179450e-01,0.000000000000000000e+00,1.351143447114619249e-02,3.138079360883570118e-02,0.000000000000000000e+00
9.588050300021678796e-01,0.000000000000000000e+00,1.101691690298832113e-02,3.017805309484382359e-02,0.000000000000000000e+00
9.569810342231286349e-01,0.000000000000000000e+00,1.290175672141975587e-02,3.011720905545173244e-02,0.000000000000000000e+00
9.430223028137970642e-01,1.397150085550019800e-02,1.569823014267270056e-02,2.730796618803020548e-02,0.000000000000000000e+00
9.565214285812956296e-01,0.000000000000000000e+00,1.385934655001367505e-02,2.961922486869082369e-02,0.000000000000000000e+00
9.528264097234898644e-01,5.521088721577442279e-03,1.179619689565571637e-02,2.985630465927710184e-02,0.000000000000000000e+00
9.414999353274879912e-01,1.186545423781095766e-02,1.799047038758104858e-02,2.864414004711990022e-02,0.000000000000000000e+00
9.238237190264882992e-01,3.693239699226998768e-02,1.247303169761595013e-02,2.677085228362581157e-02,0.000000000000000000e+00
9.546751180590944408e-01,0.000000000000000000e+00,1.756408602447292328e-02,2.776079591643254227e-02,0.000000000000000000e+00
9.497543731317669158e-01,1.067873158533023427e-02,1.062964419596424022e-02,2.893725108693857850e-02,0.000000000000000000e+00
9.520503472039661963e-01,0.000000000000000000e+00,2.001609958278931928e-02,2.793355321324452953e-02,0.000000000000000000e+00
9.526456851930282799e-01,0.000000000000000000e+00,1.872446303041047991e-02,2.862985177656136512e-02,0.000000000000000000e+00
9.438208881936438477e-01,1.227427941742571631e-02,1.540303976504179238e-02,2.850179262388866791e-02,0.000000000000000000e+00
9.551165735739194362e-01,0.000000000000000000e+00,1.679850532073770900e-02,2.808492110534293804e-02,0.000000000000000000e+00
9.514263229209423134e-01,1.378805889467887673e-02,5.215931278913609262e-03,2.956968690546516246e-02,0.000000000000000000e+00
9.554897193087945606e-01,0.000000000000000000e+00,1.582564520646960113e-02,2.868463548473570643e-02,0.000000000000000000e+00
9.526807895996188824e-01,0.000000000000000000e+00,1.915273505243383217e-02,2.816647534794731664e-02,0.000000000000000000e+00
9.583098568337765633e-01,0.000000000000000000e+00,1.170047766802602938e-02,2.998966549819750971e-02,0.000000000000000000e+00
9.577296788731328725e-01,0.000000000000000000e+00,1.160768763954744820e-02,3.066263348731976257e-02,0.000000000000000000e+00
9.544617830475153886e-01,0.000000000000000000e+00,1.774628529068295046e-02,2.779193166180161240e-02,0.000000000000000000e+00
9.583238444287711655e-01,0.000000000000000000e+00,1.125032429410229018e-02,3.042583127712649577e-02,0.000000000000000000e+00
9.536039504368107877e-01,0.000000000000000000e+00,1.893772483837390802e-02,2.745832472481536668e-02,0.000000000000000000e+00
9.572275160715182363e-01,0.000000000000000000e+00,1.321023092675544658e-02,2.956225300172646633e-02,0.000000000000000000e+00
9.595926647853189051e-01,0.000000000000000000e+00,1.018745572545440466e-02,3.012626800374643837e-02,9.361148548034357061e-05
9.588969329165178968e-01,0.000000000000000000e+00,1.155201557096798351e-02,2.955105151251407464e-02,0.000000000000000000e+00
9.518221450829282837e-01,0.000000000000000000e+00,1.905433138857454481e-02,2.912352352849718537e-02,0.000000000000000000e+00
9.597350800377200120e-01,0.000000000000000000e+00,9.316716726808971574e-03,3.094820323547101820e-02,0.000000000000000000e+00
9.482778872468425879e-01,0.000000000000000000e+00,1.226965028567557348e-02,2.993584657018401318e-02,9.516615897297931240e-03
9.557445765474990029e-01,0.000000000000000000e+00,1.593205236731563834e-02,2.832337108518535179e-02,0.000000000000000000e+00
9.300899904095413229e-01,3.746513960080156275e-02,4.195274170681443510e-03,2.824959581897558067e-02,0.000000000000000000e+00
9.587010277373291256e-01,0.000000000000000000e+00,1.059720661055763014e-02,3.070176565211314365e-02,0.000000000000000000e+00
9.546351548991225400e-01,0.000000000000000000e+00,1.504878332398686645e-02,3.031606177689052939e-02,0.000000000000000000e+00
9.556183826696157402e-01,0.000000000000000000e+00,1.652934725753509720e-02,2.785227007284903425e-02,0.000000000000000000e+00
9.503378932030489556e-01,0.000000000000000000e+00,2.009469288346611010e-02,2.956741391348499670e-02,0.000000000000000000e+00
9.570382088777215079e-01,0.000000000000000000e+00,1.269875266618617632e-02,3.026303845609224288e-02,0.000000000000000000e+00
9.544553730169157424e-01,0.000000000000000000e+00,1.633027446966055576e-02,2.921435251342349368e-02,0.000000000000000000e+00
9.537300495901320785e-01,0.000000000000000000e+00,1.672474370713616584e-02,2.954520670273164465e-02,0.000000000000000000e+00
9.225419707436544048e-01,3.036337733282493470e-02,1.859185490212468539e-02,2.850279702139590920e-02,0.000000000000000000e+00
9.583626317142327489e-01,0.000000000000000000e+00,1.043801279425990609e-02,3.119935549150737800e-02,0.000000000000000000e+00
9.606107304547706338e-01,0.000000000000000000e+00,1.064814696608268330e-02,2.874112257914673840e-02,0.000000000000000000e+00
7.793711148013293677e-01,1.625102601276293690e-01,0.000000000000000000e+00,2.254836795531085444e-02,3.557025711573025273e-02
8.918985366504277312e-01,6.880178866542600857e-02,1.101100893940056349e-02,2.828866574474575221e-02,0.000000000000000000e+00
9.520346460639061981e-01,0.000000000000000000e+00,1.973397017544688964e-02,2.823138376064699903e-02,0.000000000000000000e+00
9.586553093099778877e-01,0.000000000000000000e+00,1.270052184666625381e-02,2.864416884335589317e-02,0.000000000000000000e+00
9.511515359627417121e-01,0.000000000000000000e+00,2.162974883125401426e-02,2.721871520600413832e-02,0.000000000000000000e+00
9.560118870135290159e-01,0.000000000000000000e+00,1.494249655739618605e-02,2.904561642907465754e-02,0.000000000000000000e+00
8.860255735674728017e-01,7.553304679211758632e-02,1.160754014515997731e-02,2.683383949524962425e-02,0.000000000000000000e+00
9.569718269935969523e-01,0.000000000000000000e+00,1.473857846400739198e-02,2.828959454239575108e-02,0.000000000000000000e+00
9.545896584045088229e-01,0.000000000000000000e+00,1.572506329023777571e-02,2.968527830525357486e-02,0.000000000000000000e+00
9.588695114144409892e-01,0.000000000000000000e+00,1.111797808410650533e-02,3.001251050145251759e-02,0.000000000000000000e+00
9.579872720752745652e-01,0.000000000000000000e+00,1.150770373493260716e-02,3.050502418979281552e-02,0.000000000000000000e+00
9.104313550341419647e-01,5.436945885638069104e-02,6.416922120771106908e-03,2.878226398870619915e-02,0.000000000000000000e+00
9.575720372057120455e-01,0.000000000000000000e+00,1.286049103319225097e-02,2.956747176109567402e-02,0.000000000000000000e+00
9.540755932347488866e-01,0.000000000000000000e+00,1.655297040800965055e-02,2.937143635724151144e-02,0.000000000000000000e+00
9.560447556910238731e-01,0.000000000000000000e+00,1.539423862996741263e-02,2.856100567900875242e-02,0.000000000000000000e+00
9.518530829070792620e-01,0.000000000000000000e+00,1.916357770816966982e-02,2.898333938475103691e-02,0.000000000000000000e+00
9.545456587847258589e-01,0.000000000000000000e+00,1.549515050818946194e-02,2.995919070708467219e-02,0.000000000000000000e+00
8.570407458614101026e-01,1.106653035338846930e-01,6.429008456621781130e-03,2.586494214808349873e-02,0.000000000000000000e+00
9.553038694761896155e-01,0.000000000000000000e+00,1.619731235236429936e-02,2.849881817144595333e-02,0.000000000000000000e+00
9.597263885327097510e-01,0.000000000000000000e+00,9.763677996074391491e-03,3.050993347121569096e-02,0.000000000000000000e+00
9.598214652936996050e-01,0.000000000000000000e+00,9.014879647217127062e-03,3.116365505908323674e-02,0.000000000000000000e+00
9.538765581869962373e-01,0.000000000000000000e+00,1.720291299013263289e-02,2.892052882287102222e-02,0.000000000000000000e+00
9.094558635889398168e-01,4.589258131042270317e-02,1.873424056034416613e-02,2.591731454029343185e-02,0.000000000000000000e+00
8.814282756672339181e-01,8.397580055946929356e-02,2.937895088423085523e-03,2.733180923524399994e-02,4.326219449629662567e-03
9.515979586532670176e-01,0.000000000000000000e+00,1.857484798522103867e-02,2.982719336151183620e-02,0.000000000000000000e+00
9.560227147806776848e-01,0.000000000000000000e+00,1.417650734581161164e-02,2.980077787351068791e-02,0.000000000000000000e+00
9.528751721499697513e-01,0.000000000000000000e+00,1.826973905232830500e-02,2.885508879770191590e-02,0.000000000000000000e+00
9.339047377087262847e-01,3.033170695770898498e-02,6.053456788706940497e-03,2.899898848636356039e-02,7.111100584941452236e-04
9.558029890859370825e-01,0.000000000000000000e+00,1.462191075919697103e-02,2.957510015486581462e-02,0.000000000000000000e+00
8.846306317762637761e-01,7.748236799268443109e-02,1.262280142841972624e-02,2.526419880263207352e-02,0.000000000000000000e+00
8.538475452226437223e-01,1.142689367374032788e-01,7.195715993478793253e-03,2.468780204647424634e-02,0.000000000000000000e+00
9.496463874623826129e-01,0.000000000000000000e+00,2.174826877497945329e-02,2.860534376263802053e-02,0.000000000000000000e+00
8.924610370623489164e-01,7.280624043794084455e-02,7.057661922258226181e-03,2.767506057745196604e-02,0.000000000000000000e+00
9.576930741658377100e-01,0.000000000000000000e+00,1.237528804096334201e-02,2.993163779319902434e-02,0.000000000000000000e+00
9.551453086907534251e-01,1.853426998507216178e-03,1.305071770590902902e-02,2.995054660483039907e-02,0.000000000000000000e+00
9.630714536560363026e-01,0.000000000000000000e+00,6.914040538652280535e-03,3.001450580531138043e-02,0.000000000000000000e+00
9.580618389567706616e-01,0.000000000000000000e+00,1.366242844136386116e-02,2.827573260186544771e-02,0.000000000000000000e+00
9.572468346135404316e-01,0.000000000000000000e+00,1.197070480097426129e-02,3.078246058548526204e-02,0.000000000000000000e+00
7.881434114921644918e-01,1.848007028557736575e-01,4.343292377844878115e-03,2.271259327421708274e-02,0.000000000000000000e+00
9.530041355544405235e-01,3.116815113442903285e-03,1.533768848178871692e-02,2.854136085032770234e-02,0.000000000000000000e+00
9.574123511191161562e-01,0.000000000000000000e+00,1.410952845158771479e-02,2.847812042929608392e-02,0.000000000000000000e+00
8.485721349420098925e-01,1.244335904487109956e-01,1.037998202372150984e-03,2.595627640690695986e-02,0.000000000000000000e+00
9.570053363677675229e-01,0.000000000000000000e+00,1.338767767988540899e-02,2.960698595234699526e-02,0.000000000000000000e+00
9.564929720572084015e-01,0.000000000000000000e+00,1.413631915840062210e-02,2.937070878439100932e-02,0.000000000000000000e+00
9.545279938465379699e-01,0.000000000000000000e+00,1.521097250440258709e-02,3.026103364905925394e-02,0.000000000000000000e+00
9.552390586038339571e-01,0.000000000000000000e+00,1.542279967441826521e-02,2.933814172174787488e-02,0.000000000000000000e+00
9.532631118884546950e-01,0.000000000000000000e+00,1.716437345995544192e-02,2.957251465158981796e-02,0.000000000000000000e+00
9.557141686957419946e-01,0.000000000000000000e+00,1.516019057811769655e-02,2.912564072614042682e-02,0.000000000000000000e+00
9.297692837757732809e-01,1.963128578153088347e-02,1.272021118038087033e-02,2.810538690159433695e-02,9.773832360720775825e-03
9.599144726979673692e-01,0.000000000000000000e+00,1.167514659044316915e-02,2.841038071158959524e-02,0.000000000000000000e+00
9.529051816492024596e-01,0.000000000000000000e+00,1.722258182204006866e-02,2.987223652875753074e-02,0.000000000000000000e+00
8.927095886510701961e-01,5.411900088019434146e-02,7.145574157826036117e-03,2.619230288702247347e-02,1.983353342388704740e-02
9.628368020663631288e-01,0.000000000000000000e+00,7.261301808926860779e-03,2.990189612470990632e-02,0.000000000000000000e+00
9.574047885300087657e-01,0.000000000000000000e+00,1.350665743080660397e-02,2.908855403918461646e-02,0.000000000000000000e+00
9.533591070281602908e-01,3.257730932965757949e-03,1.451321304381109067e-02,2.886994899506290999e-02,0.000000000000000000e+00
9.475366552750286164e-01,1.064248944355483152e-02,1.272908268308700630e-02,2.909177259832955789e-02,0.000000000000000000e+00
9.553289541030587362e-01,0.000000000000000000e+00,1.583348040818736979e-02,2.883756548875393566e-02,0.000000000000000000e+00
9.567597628417782163e-01,0.000000000000000000e+00,1.380603699094475924e-02,2.943420016727720315e-02,0.000000000000000000e+00
9.035294725045243114e-01,5.489111328975241483e-02,1.369896811303299503e-02,2.788044609269013999e-02,0.000000000000000000e+00
9.553016366912915336e-01,0.000000000000000000e+00,1.666129630724012822e-02,2.803706700146836248e-02,0.000000000000000000e+00
9.552539757219510319e-01,0.000000000000000000e+00,1.579337004957735713e-02,2.895265422847158668e-02,0.000000000000000000e+00
9.075327874322877131e-01,5.556522084577512899e-02,9.624190702233286626e-03,2.727780101970407253e-02,0.000000000000000000e+00
9.542268102747284431e-01,0.000000000000000000e+00,1.537940502057115466e-02,3.039378470470036758e-02,0.000000000000000000e+00
9.124230127349686192e-01,4.659919890950227350e-02,1.158214471812546269e-02,2.939564363740358038e-02,0.000000000000000000e+00
9.318007454386166843e-01,3.304652559455804189e-02,6.155619654979011326e-03,2.899710931184636825e-02,0.000000000000000000e+00
9.571852003918329688e-01,0.000000000000000000e+00,1.360118516719117585e-02,2.921361444097582763e-02,0.000000000000000000e+00
9.562408348457523966e-01,0.000000000000000000e+00,1.421265553264718963e-02,2.954650962160031494e-02,0.000000000000000000e+00
9.577684649719281351e-01,0.000000000000000000e+00,1.402658008408313312e-02,2.820495494398881503e-02,0.000000000000000000e+00
9.573132891918081366e-01,0.000000000000000000e+00,1.275923421957619180e-02,2.992747658861568544e-02,0.000000000000000000e+00
9.519454939030318474e-01,0.000000000000000000e+00,1.960761065676408163e-02,2.844689544020393909e-02,0.000000000000000000e+00
9.594597230792917264e-01,0.000000000000000000e+00,1.139493490487360552e-02,2.914534201583468889e-02,0.000000000000000000e+00
9.080134416880204506e-01,5.724549722849830991e-03,1.686460636847400205e-02,2.700289816698695292e-02,4.239450405366884667e-02
9.312077376343467217e-01,2.615535395479901340e-02,1.573904040747740526e-02,2.689786800337701581e-02,0.000000000000000000e+00
9.570927222458289751e-01,0.000000000000000000e+00,1.427084078257336887e-02,2.863643697159754670e-02,0.000000000000000000e+00
9.579269688579928888e-01,0.000000000000000000e+00,1.099347376630940669e-02,3.107955737569781038e-02,0.000000000000000000e+00
9.557476383159636546e-01,0.000000000000000000e+00,1.592274548391082317e-02,2.832961620012550141e-02,0.000000000000000000e+00
9.567122822916578340e-01,0.000000000000000000e+00,1.431562452526501106e-02,2.897209318307703702e-02,0.000000000000000000e+00
9.591378955210123625e-01,0.000000000000000000e+00,1.121524442365418733e-02,2.964686005533357857e-02,0.000000000000000000e+00
9.558925651349289287e-01,0.000000000000000000e+00,1.605323011784887816e-02,2.805420474722218269e-02,0.000000000000000000e+00
9.573672598044279392e-01,0.000000000000000000e+00,1.197368562152531860e-02,3.065905457404663123e-02,0.000000000000000000e+00
9.619765466655768593e-01,0.000000000000000000e+00,7.428076126773046524e-03,3.059537720765010890e-02,0.000000000000000000e+00
9.580599531151160475e-01,0.000000000000000000e+00,1.161143783019373890e-02,3.032860905469032461e-02,0.000000000000000000e+00
9.564094924509461970e-01,0.000000000000000000e+00,1.439366881485516260e-02,2.919683873419857273e-02,0.000000000000000000e+00
9.533883952001012130e-01,0.000000000000000000e+00,1.674346818853861621e-02,2.986813661136007714e-02,0.000000000000000000e+00
9.537499010488486029e-01,0.000000000000000000e+00,1.809756474351339670e-02,2.815253420763806635e-02,0.000000000000000000e+00
9.612471433387558273e-01,0.000000000000000000e+00,7.935769008216856518e-03,3.081708765302744804e-02,0.000000000000000000e+00
9.207211341909546931e-01,3.382372134999897528e-02,1.787425082981770885e-02,2.758089362922835214e-02,0.000000000000000000e+00
9.575150421690179492e-01,0.000000000000000000e+00,1.247601966324324123e-02,3.000893816773881825e-02,0.000000000000000000e+00
9.547894049891230139e-01,0.000000000000000000e+00,1.724442153384786458e-02,2.796617347702914577e-02,0.000000000000000000e+00
9.552275574259072588e-01,0.000000000000000000e+00,1.382890176270588564e-02,3.094354081138688331e-02,0.000000000000000000e+00
9.600271757097975645e-01,0.000000000000000000e+00,1.036074614516791122e-02,2.961207814503446709e-02,0.000000000000000000e+00
9.366684772641967749e-01,0.000000000000000000e+00,1.682220647404908745e-02,2.864257294240221685e-02,1.786674331935182714e-02
9.588742105801445481e-01,0.000000000000000000e+00,1.092774448590916325e-02,3.019804493394636496e-02,0.000000000000000000e+00
9.556758986527639221e-01,0.000000000000000000e+00,1.340797071695298479e-02,3.091613063028306185e-02,0.000000000000000000e+00
7.974905054353879086e-01,1.735767582121625630e-01,3.027191977575901995e-03,2.506455657535560863e-02,8.409877995180633711e-04
9.590269248199519980e-01,0.000000000000000000e+00,1.130082104068500827e-02,2.967225413936308218e-02,0.000000000000000000e+00
9.535696187648861066e-01,0.000000000000000000e+00,1.551438747990950724e-02,3.091599375520442256e-02,0.000000000000000000e+00
9.416278152602626239e-01,1.818861942775131663e-02,1.108394920603819785e-02,2.909961610594788070e-02,0.000000000000000000e+00
9.597408139946118633e-01,0.000000000000000000e+00,8.492861015544892617e-03,3.176632498984331698e-02,0.000000000000000000e+00
9.521746249540583573e-01,0.000000000000000000e+00,1.919090572522076307e-02,2.863446932072082063e-02,0.000000000000000000e+00
9.127065322766101385e-01,5.249887138164492650e-02,8.266480861309464384e-03,2.652811548043536305e-02,0.000000000000000000e+00
9.557826989872816315e-01,0.000000000000000000e+00,1.486026576777155217e-02,2.935703524494684760e-02,0.000000000000000000e+00
9.564871102113581269e-01,0.000000000000000000e+00,1.317168288078049421e-02,3.034120690786144478e-02,0.000000000000000000e+00
9.189246335422771583e-01,4.033406624671634355e-02,1.396636741465679885e-02,2.677493279634958132e-02,0.000000000000000000e+00
9.182702494979475549e-01,4.584176403649543874e-02,7.231325514136741246e-03,2.865666095142001268e-02,0.000000000000000000e+00
9.478301510601194746e-01,1.413241208734823326e-02,1.057926636690104637e-02,2.745817048563113649e-02,0.000000000000000000e+00
9.604623248621328990e-01,0.000000000000000000e+00,7.875234357208322003e-03,3.166244078065885009e-02,0.000000000000000000e+00
9.131142348519374341e-01,0.000000000000000000e+00,1.605244291091933659e-02,2.772047451588066300e-02,4.311284772126244141e-02
9.590032276232117736e-01,0.000000000000000000e+00,1.167757765666165883e-02,2.931919472012644440e-02,0.000000000000000000e+00
9.629304667429056108e-01,0.000000000000000000e+00,7.907961360543636423e-03,2.916157189655084470e-02,0.000000000000000000e+00
9.335354413412676466e-01,2.691815336670955877e-02,1.069488828541189165e-02,2.885151700661102436e-02,0.000000000000000000e+00
9.566276471844278317e-01,0.000000000000000000e+00,1.539359985332453690e-02,2.797875296224771116e-02,0.000000000000000000e+00
9.534477499538248635e-01,0.000000000000000000e+00,1.517508923988846077e-02,3.137716080628669135e-02,0.000000000000000000e+00
8.572045558621547157e-01,1.103048825538200800e-01,5.396481186275163544e-03,2.709408039775007895e-02,0.000000000000000000e+00
9.534502008669967221e-01,0.000000000000000000e+00,1.765223647242915306e-02,2.889756266057419420e-02,0.000000000000000000e+00
9.565039254949375680e-01,0.000000000000000000e+00,1.409335449469103531e-02,2.940272001037131516e-02,0.000000000000000000e+00
9.554116626715662974e-01,0.000000000000000000e+00,1.461126839991488263e-02,2.997706892851888585e-02,0.000000000000000000e+00
8.943995880660842168e-01,7.047848949406913810e-02,6.309409128312854463e-03,2.881251331153360240e-02,0.000000000000000000e+00
9.566792586269504683e-01,0.000000000000000000e+00,1.439522788646443487e-02,2.892551348658511587e-02,0.000000000000000000e+00
9.171216159883861518e-01,2.504907907844596340e-02,1.623589930598509992e-02,2.837135904148686827e-02,1.322204658569599463e-02
9.624060033539654224e-01,0.000000000000000000e+00,6.275944829236694382e-03,3.131805181679797601e-02,0.000000000000000000e+00
8.944447181270775982e-01,6.402704872692314975e-02,1.532919747896488091e-02,2.619903566703456546e-02,0.000000000000000000e+00
9.594794842393087331e-01,0.000000000000000000e+00,1.226761732204755158e-02,2.825289843864372055e-02,0.000000000000000000e+00
9.556997117600645186e-01,0.000000000000000000e+00,1.429822747333084863e-02,3.000206076660461019e-02,0.000000000000000000e+00
9.533157251744627247e-01,0.000000000000000000e+00,1.828103387088055379e-02,2.840324095465682555e-02,0.000000000000000000e+00
9.594939140086253815e-01,0.000000000000000000e+00,1.240985535781995164e-02,2.809623063355453157e-02,0.000000000000000000e+00
8.400026633239814355e-01,9.868828756635777966e-02,3.181248250106617510e-03,2.657696818656996723e-02,3.155083267298418315e-02
9.567320893208914878e-01,0.000000000000000000e+00,1.559873547859095579e-02,2.766917520051763793e-02,0.000000000000000000e+00
9.570596626875005342e-01,0.000000000000000000e+00,1.147510636551510310e-02,3.146523094698445988e-02,0.000000000000000000e+00
9.505218398284219772e-01,0.000000000000000000e+00,2.079879459738016509e-02,2.802726552258272275e-02,6.521000516151002901e-04
9.579905250742238865e-01,0.000000000000000000e+00,1.266104821602250831e-02,2.934842670975347512e-02,0.000000000000000000e+00
9.584396616241283029e-01,0.000000000000000000e+00,1.277709899900319676e-02,2.878323937686864606e-02,0.000000000000000000e+00
9.514546962100556282e-01,0.000000000000000000e+00,6.415744190969411426e-03,3.146869433461620819e-02,1.066086526435883718e-02
9.131137751869357055e-01,4.533834166754791006e-02,1.421753163960633691e-02,2.733035150591000065e-02,0.000000000000000000e+00
9.559054305894825188e-01,0.000000000000000000e+00,1.573381328555404496e-02,2.836075612496339812e-02,0.000000000000000000e+00
8.951544568212325137e-01,6.784238414436738474e-02,8.743477744994470127e-03,2.825968128940560195e-02,0.000000000000000000e+00
9.586069423385228383e-01,0.000000000000000000e+00,1.156630416682636990e-02,2.982675349465088374e-02,0.000000000000000000e+00
9.216268325734987554e-01,3.933950296635140009e-02,1.070087949839655141e-02,2.833278496175318378e-02,0.000000000000000000e+00
9.570874508923535862e-01,0.000000000000000000e+00,1.544028302559363741e-02,2.747226608205276602e-02,0.000000000000000000e+00
9.557532824023775575e-01,0.000000000000000000e+00,1.570656692951719405e-02,2.854015066810526927e-02,0.000000000000000000e+00
9.511820189746822418e-01,0.000000000000000000e+00,2.068951473389598131e-02,2.812846629142176300e-02,0.000000000000000000e+00
9.549257833037841925e-01,0.000000000000000000e+00,1.512953375287332675e-02,2.994468294334242525e-02,0.000000000000000000e+00
9.527479449613450724e-01,0.000000000000000000e+00,1.725903094691381978e-02,2.999302409174120498e-02,0.000000000000000000e+00
9.036950486521738712e-01,5.616554250101825352e-02,1.423192620691030377e-02,2.590748263989768249e-02,0.000000000000000000e+00
9.543198363290686936e-01,0.000000000000000000e+00,1.700999413722659517e-02,2.867016953370465568e-02,0.000000000000000000e+00
8.995315222409815403e-01,6.386632220703906959e-02,8.948235205064752201e-03,2.765392034691462747e-02,0.000000000000000000e+00
9.578546957111377935e-01,0.000000000000000000e+00,1.459715520429238043e-02,2.754814908456981390e-02,0.000000000000000000e+00
9.570452515629022106e-01,0.000000000000000000e+00,1.252186314143618508e-02,3.043288529566157488e-02,0.000000000000000000e+00
9.643017669930732394e-01,0.000000000000000000e+00,6.587800523466033967e-03,2.911043248346065898e-02,0.000000000000000000e+00
9.507485859976438913e-01,0.000000000000000000e+00,2.110822564675574747e-02,2.814318835560043752e-02,0.000000000000000000e+00
9.099329336633470433e-01,0.000000000000000000e+00,1.579373942316460167e-02,2.677940752374068437e-02,4.749391938974776434e-02
9.590035971216956945e-01,0.000000000000000000e+00,1.255311163333837875e-02,2.844329124496602218e-02,0.000000000000000000e+00
8.992134744375768207e-01,6.084107599343439171e-02,1.435452744316292883e-02,2.559092212582572343e-02,0.000000000000000000e+00
9.606236051301424439e-01,0.000000000000000000e+00,1.022284293871188188e-02,2.915355193114583382e-02,0.000000000000000000e+00
9.554992501505216174e-01,0.000000000000000000e+00,1.579810303343528663e-02,2.870264681604315152e-02,0.000000000000000000e+00
9.545273330510702925e-01,0.000000000000000000e+00,1.517100039286078429e-02,3.030166655606892148e-02,0.000000000000000000e+00
9.540839032925083618e-01,0.000000000000000000e+00,1.807943965286262430e-02,2.783665705462887857e-02,0.000000000000000000e+00
9.572861887454935381e-01,0.000000000000000000e+00,1.366748698343334123e-02,2.904632427107309289e-02,0.000000000000000000e+00
9.576750112081803268e-01,0.000000000000000000e+00,1.279678339931184308e-02,2.952820539250775034e-02,0.000000000000000000e+00
9.570311020357239462e-01,0.000000000000000000e+00,1.375465193537944025e-02,2.921424602889653721e-02,0.000000000000000000e+00
9.573777587367200415e-01,0.000000000000000000e+00,1.471701514253195842e-02,2.790522612074789952e-02,0.000000000000000000e+00
9.117330778206147457e-01,0.000000000000000000e+00,1.572886938161619647e-02,2.785946129640649513e-02,4.467859150136270496e-02
9.625653210241867930e-01,0.000000000000000000e+00,7.484375111012980634e-03,2.995030386480012144e-02,0.000000000000000000e+00
8.913013241963155808e-01,7.214582480656539509e-02,8.514147284387573941e-03,2.803870371273142065e-02,0.000000000000000000e+00
9.419609911323372220e-01,1.348821916077652151e-02,1.590921913434751797e-02,2.864157057253887556e-02,0.000000000000000000e+00
9.544070004113125449e-01,0.000000000000000000e+00,1.597555586249726003e-02,2.961744372619016727e-02,0.000000000000000000e+00
9.563947514473585265e-01,0.000000000000000000e+00,1.478234364881069948e-02,2.882290490383082951e-02,0.000000000000000000e+00
9.532928615039791831e-01,0.000000000000000000e+00,1.688475142779156599e-02,2.982238706822933072e-02,0.000000000000000000e+00
9.549036692405739046e-01,0.000000000000000000e+00,1.593006795922173591e-02,2.916626280020445661e-02,0.000000000000000000e+00
9.128926042542812036e-01,4.924246277528787630e-02,1.023091056277931725e-02,2.763402240765147275e-02,0.000000000000000000e+00
9.567103807222424594e-01,0.000000000000000000e+00,1.440586148516418384e-02,2.888375779259345910e-02,0.000000000000000000e+00
9.578070216633324252e-01,0.000000000000000000e+00,1.300546417856411271e-02,2.918751415810341351e-02,0.000000000000000000e+00
9.596508485940625777e-01,0.000000000000000000e+00,1.219182859271282157e-02,2.815732281322464239e-02,0.000000000000000000e+00
8.871695259149582347e-01,7.891057804124614050e-02,7.463972600092600752e-03,2.645592344370305618e-02,0.000000000000000000e+00
9.582509097632589956e-01,0.000000000000000000e+00,1.238940671571570583e-02,2.935968352102548071e-02,0.000000000000000000e+00
9.440953888867377186e-01,1.667751034390217366e-02,6.967313059353355716e-03,3.225978771000680839e-02,0.000000000000000000e+00
9.186651734440248740e-01,4.424368614157196677e-02,8.627433617998375021e-03,2.846370679640460033e-02,0.000000000000000000e+00
9.574425222091712540e-01,0.000000000000000000e+00,1.143686595805062239e-02,3.112061183277820692e-02,0.000000000000000000e+00
9.527573831020940132e-01,0.000000000000000000e+00,1.872140251407864234e-02,2.852121438382728552e-02,0.000000000000000000e+00
9.176397155401634365e-01,4.426726433531337490e-02,1.053520948146106570e-02,2.755781064306195641e-02,0.000000000000000000e+00
9.349949497124230291e-01,2.244531384932078183e-02,1.358123613097892216e-02,2.897850030727724610e-02,0.000000000000000000e+00
9.554142912800601684e-01,0.000000000000000000e+00,1.378685300343015716e-02,3.079885571650970572e-02,0.000000000000000000e+00
9.561999102701767006e-01,0.000000000000000000e+00,1.435865325772145776e-02,2.944143647210193185e-02,0.000000000000000000e+00
9.560108076750836181e-01,0.000000000000000000e+00,1.607487778013047194e-02,2.791431454478605564e-02,0.000000000000000000e+00
9.506257264385747918e-01,0.000000000000000000e+00,2.095571882331070251e-02,2.841855473811452995e-02,0.000000000000000000e+00
9.544920077868604968e-01,0.000000000000000000e+00,1.909961503575235628e-02,2.640837717738712606e-02,0.000000000000000000e+00
9.346441261174710524e-01,2.046232195365414383e-02,1.733005232776707247e-02,2.756349960110765496e-02,0.000000000000000000e+00
9.565043628486050720e-01,0.000000000000000000e+00,1.480625756808253563e-02,2.868937958331234037e-02,0.000000000000000000e+00
8.350592296631220712e-01,1.334871001684716507e-01,5.763049521099634052e-03,2.569062064730671946e-02,0.000000000000000000e+00
9.556935555991201703e-01,0.000000000000000000e+00,1.505338145330434654e-02,2.925306294757556644e-02,0.000000000000000000e+00
9.508004926369377774e-01,0.000000000000000000e+00,2.013799812125029870e-02,2.906150924181210779e-02,0.000000000000000000e+00
9.594658446092657611e-01,0.000000000000000000e+00,1.266894901723963386e-02,2.786520637349451310e-02,0.000000000000000000e+00
9.528701264811734184e-01,0.000000000000000000e+00,1.803090009149261458e-02,2.909897342733394274e-02,0.000000000000000000e+00
9.604469644476144596e-01,0.000000000000000000e+00,1.112912866150773950e-02,2.842390689087786679e-02,0.000000000000000000e+00
9.551268146621074706e-01,0.000000000000000000e+00,1.512668177257491496e-02,2.974650356531746351e-02,0.000000000000000000e+00
9.574045099469912223e-01,0.000000000000000000e+00,1.450897944426377158e-02,2.808651060874481006e-02,0.000000000000000000e+00
9.536548872101313634e-01,0.000000000000000000e+00,1.642049046909897433e-02,2.992462232076951306e-02,0.000000000000000000e+00
9.532086884960799811e-01,6.751925580943547375e-03,1.044275557192401137e-02,2.959663035105264406e-02,0.000000000000000000e+00
9.617357275727260735e-01,0.000000000000000000e+00,7.072933974402432003e-03,3.119133845287162116e-02,0.000000000000000000e+00
9.553773893548889173e-01,0.000000000000000000e+00,1.710084660949988053e-02,2.752176403561118131e-02,0.000000000000000000e+00
9.550019985112983001e-01,0.000000000000000000e+00,1.604330178431673248e-02,2.895469970438498825e-02,0.000000000000000000e+00
9.566289451617795425e-01,0.000000000000000000e+00,1.371439642890296719e-02,2.965665840931746775e-02,0.000000000000000000e+00
9.577334213287064246e-01,0.000000000000000000e+00,1.310380921686207269e-02,2.916276945443165708e-02,0.000000000000000000e+00
8.843386990989141605e-01,8.111283721989055728e-02,8.194337939503132731e-03,2.635412574169213734e-02,0.000000000000000000e+00
9.520701752551921082e-01,1.266299568224078451e-02,4.650289835838108086e-03,3.061653922672879363e-02,0.000000000000000000e+00
9.560684938739730798e-01,0.000000000000000000e+00,1.387182988186400241e-02,3.005967624416294726e-02,0.000000000000000000e+00
9.574699547718609205e-01,1.908869696629731001e-03,9.744684184922171311e-03,3.087649134658721276e-02,0.000000000000000000e+00
9.592387321444110215e-01,0.000000000000000000e+00,1.041239489750354907e-02,3.034887295808538082e-02,0.000000000000000000e+00
8.855502594771178515e-01,7.962117747846515770e-02,7.182771947605833332e-03,2.764579109681129451e-02,0.000000000000000000e+00
9.593061295068527894e-01,0.000000000000000000e+00,1.021402970949555900e-02,3.047984078365171753e-02,0.000000000000000000e+00
9.593354355375551812e-01,0.000000000000000000e+00,1.217695568063550948e-02,2.848760878180933362e-02,0.000000000000000000e+00
9.542470218545540117e-01,0.000000000000000000e+00,1.646797792038555072e-02,2.928500022506047920e-02,0.000000000000000000e+00
9.535384442853310771e-01,0.000000000000000000e+00,1.873822254775688381e-02,2.772333316691192803e-02,0.000000000000000000e+00
8.111884241399256457e-01,1.589612100986060317e-01,7.435189446603068797e-03,2.241517631486521570e-02,0.000000000000000000e+00
9.546786156828781511e-01,0.000000000000000000e+00,1.640830632637622563e-02,2.891307799074562673e-02,0.000000000000000000e+00
9.511084565582148542e-01,0.000000000000000000e+00,1.978340033119702079e-02,2.910814311058803477e-02,0.000000000000000000e+00
9.591020545358425187e-01,0.000000000000000000e+00,1.081707191100828545e-02,3.008087355314920108e-02,0.000000000000000000e+00
9.530371355301117120e-01,0.000000000000000000e+00,1.871633728108385367e-02,2.824652718880436841e-02,0.000000000000000000e+00
9.513055510505135093e-01,0.000000000000000000e+00,2.004892499646739046e-02,2.864552395301896148e-02,0.000000000000000000e+00
8.670730221505273949e-01,3.850003005776491544e-02,1.648406858849397680e-02,2.635313450801467922e-02,5.158974469519912731e-02
9.174541860773809399e-01,4.685588077037117910e-02,6.534369022724862731e-03,2.915556412952312326e-02,0.000000000000000000e+00
9.538794576022288085e-01,0.000000000000000000e+00,1.836049235672812877e-02,2.776005004104313209e-02,0.000000000000000000e+00
9.546852249082948827e-01,0.000000000000000000e+00,1.694219293665593859e-02,2.837258215504918912e-02,0.000000000000000000e+00
9.573910394061706519e-01,0.000000000000000000e+00,1.380964719852369356e-02,2.879931339530565973e-02,0.000000000000000000e+00
9.539809344003118419e-01,0.000000000000000000e+00,1.738807165575437935e-02,2.863099394393371980e-02,0.000000000000000000e+00
9.499161788162411302e-01,0.000000000000000000e+00,2.187211725548108762e-02,2.821170392827775097e-02,0.000000000000000000e+00
8.989728548697188959e-01,6.563662713434646745e-02,7.910290692735974863e-03,2.748022730319879883e-02,0.000000000000000000e+00
9.615620481208857484e-01,0.000000000000000000e+00,9.904835274754253058e-03,2.853311660436017375e-02,0.000000000000000000e+00
9.017463558149549918e-01,6.326996029837804458e-02,7.820658112680938662e-03,2.716302577398600759e-02,0.000000000000000000e+00
9.558371320414149608e-01,0.000000000000000000e+00,1.387292175431281693e-02,3.028994620427235065e-02,0.000000000000000000e+00
9.530138638108158755e-01,0.000000000000000000e+00,1.758041590912979776e-02,2.940572028005428509e-02,0.000000000000000000e+00
9.572611687611844999e-01,0.000000000000000000e+00,1.333494068782426281e-02,2.940389055099114010e-02,0.000000000000000000e+00
9.576507643808805925e-01,0.000000000000000000e+00,1.360179666923102063e-02,2.874743894988838339e-02,0.000000000000000000e+00
9.556835866459646445e-01,0.000000000000000000e+00,1.497629027242071940e-02,2.934012308161445745e-02,0.000000000000000000e+00
9.586115785793309918e-01,0.000000000000000000e+00,1.238928156677594067e-02,2.899913985389305365e-02,0.000000000000000000e+00
9.211260927284047328e-01,4.089232523054063539e-02,9.952318676876853107e-03,2.802926336417783937e-02,0.000000000000000000e+00
